1 0.402344 0.824653 0.128906 0.329861
1 0.258789 0.571181 0.080078 0.163194
1 0.372070 0.409722 0.052734 0.076389
0 0.047852 0.618056 0.041016 0.131944
0 0.117188 0.612847 0.046875 0.114583
0 0.201172 0.576389 0.031250 0.118056
0 0.171875 0.503472 0.031250 0.125000
0 0.226562 0.411458 0.015625 0.086806
0 0.244141 0.447917 0.027344 0.076389
0 0.053711 0.394097 0.021484 0.052083
0 0.130859 0.388889 0.023438 0.062500
1 0.576172 0.282986 0.039062 0.045139
2 0.583984 0.206597 0.039062 0.065972
0 0.963867 0.329861 0.037109 0.076389
0 0.816406 0.269097 0.027344 0.052083
0 0.942383 0.282986 0.025391 0.059028
