1 0.422852 0.493056 0.064453 0.111111
1 0.355469 0.355903 0.035156 0.065972
1 0.572266 0.369792 0.058594 0.086806
1 0.599609 0.309028 0.039062 0.048611
1 0.617188 0.263889 0.035156 0.041667
1 0.743164 0.375000 0.076172 0.083333
1 0.758789 0.270833 0.068359 0.055556
0 0.234375 0.427083 0.023438 0.076389
0 0.166992 0.487847 0.029297 0.086806
0 0.039062 0.524306 0.031250 0.097222
0 0.029297 0.421875 0.023438 0.059028
0 0.076172 0.420139 0.027344 0.062500
0 0.100586 0.362847 0.025391 0.045139
0 0.307617 0.345486 0.021484 0.052083
0 0.285156 0.350694 0.019531 0.055556
0 0.958984 0.300347 0.031250 0.065972
