1 0.152344 0.741319 0.234375 0.260417
1 0.449219 0.402778 0.042969 0.069444
1 0.599609 0.305556 0.023438 0.041667
0 0.571289 0.486111 0.041016 0.076389
0 0.671875 0.470486 0.023438 0.079861
0 0.709961 0.446181 0.021484 0.079861
0 0.479492 0.888889 0.087891 0.180556
0 0.115234 0.576389 0.035156 0.104167
0 0.237305 0.503472 0.025391 0.104167
0 0.382812 0.461806 0.019531 0.090278
0 0.291016 0.484375 0.019531 0.093750
0 0.353516 0.472222 0.015625 0.090278
0 0.318359 0.487847 0.023438 0.079861
0 0.436523 0.453125 0.017578 0.072917
0 0.410156 0.439236 0.015625 0.072917
0 0.511719 0.414931 0.019531 0.072917
0 0.589844 0.361111 0.019531 0.048611
0 0.407227 0.387153 0.017578 0.052083
0 0.636719 0.288194 0.011719 0.041667
0 0.427734 0.355903 0.011719 0.045139
0 0.452148 0.352431 0.013672 0.045139
0 0.555664 0.361111 0.013672 0.048611
