1 0.509766 0.388889 0.046875 0.062500
1 0.464844 0.368056 0.039062 0.055556
1 0.545898 0.310764 0.025391 0.045139
1 0.575195 0.253472 0.017578 0.034722
0 0.696289 0.741319 0.052734 0.135417
0 0.853516 0.663194 0.050781 0.118056
0 0.767578 0.505208 0.042969 0.086806
0 0.703125 0.487847 0.031250 0.086806
0 0.665039 0.519097 0.041016 0.093750
0 0.598633 0.635417 0.048828 0.104167
0 0.602539 0.543403 0.041016 0.100694
0 0.624023 0.460069 0.033203 0.086806
0 0.503906 0.569444 0.046875 0.104167
0 0.429688 0.637153 0.062500 0.128472
0 0.449219 0.564236 0.039062 0.093750
0 0.413086 0.557292 0.033203 0.086806
0 0.462891 0.510417 0.027344 0.083333
0 0.393555 0.463542 0.021484 0.079861
0 0.344727 0.484375 0.025391 0.086806
0 0.279297 0.498264 0.023438 0.079861
0 0.266602 0.626736 0.064453 0.128472
0 0.267578 0.845486 0.089844 0.163194
0 0.137695 0.743056 0.091797 0.152778
0 0.180664 0.633681 0.060547 0.128472
0 0.039062 0.741319 0.074219 0.128472
0 0.095703 0.914931 0.121094 0.170139
0 0.981445 0.401042 0.037109 0.059028
0 0.863281 0.394097 0.039062 0.052083
