1 0.364258 0.604167 0.107422 0.173611
1 0.534180 0.468750 0.052734 0.083333
1 0.458008 0.407986 0.056641 0.086806
1 0.611328 0.251736 0.015625 0.031250
1 0.577148 0.243056 0.013672 0.027778
0 0.183594 0.649306 0.046875 0.138889
0 0.293945 0.555556 0.025391 0.097222
0 0.145508 0.631944 0.041016 0.125000
0 0.295898 0.489583 0.025391 0.069444
0 0.608398 0.513889 0.017578 0.083333
0 0.579102 0.498264 0.021484 0.079861
0 0.578125 0.428819 0.015625 0.065972
0 0.607422 0.434028 0.019531 0.069444
0 0.641602 0.380208 0.017578 0.059028
0 0.633789 0.307292 0.009766 0.038194
0 0.570312 0.355903 0.015625 0.045139
0 0.541992 0.310764 0.009766 0.038194
