0 0.139648 0.743056 0.091797 0.145833
0 0.123047 0.576389 0.039062 0.104167
0 0.741211 0.486111 0.041016 0.090278
0 0.586914 0.388889 0.021484 0.055556
0 0.708008 0.355903 0.025391 0.045139
0 0.452148 0.446181 0.021484 0.072917
0 0.418945 0.460069 0.017578 0.086806
0 0.394531 0.451389 0.019531 0.090278
0 0.313477 0.503472 0.025391 0.090278
0 0.371094 0.479167 0.019531 0.069444
0 0.213867 0.510417 0.021484 0.076389
0 0.250000 0.503472 0.023438 0.083333
0 0.450195 0.345486 0.013672 0.045139
0 0.538086 0.394097 0.021484 0.065972
1 0.502930 0.394097 0.044922 0.065972
1 0.606445 0.276042 0.021484 0.031250
1 0.652344 0.276042 0.019531 0.038194
2 0.509766 0.289931 0.058594 0.093750
