0 0.726562 0.817708 0.039062 0.163194
0 0.476562 0.826389 0.042969 0.166667
0 0.270508 0.630208 0.033203 0.114583
0 0.217773 0.626736 0.037109 0.121528
0 0.376953 0.555556 0.027344 0.104167
0 0.330078 0.484375 0.027344 0.072917
0 0.595703 0.517361 0.023438 0.090278
0 0.671875 0.479167 0.023438 0.083333
0 0.547852 0.447917 0.025391 0.069444
0 0.417969 0.385417 0.019531 0.062500
0 0.587891 0.383681 0.031250 0.045139
0 0.542969 0.383681 0.015625 0.045139
0 0.641602 0.352431 0.013672 0.045139
0 0.871094 0.390625 0.039062 0.059028
1 0.503906 0.350694 0.039062 0.048611
1 0.608398 0.347222 0.029297 0.048611
1 0.532227 0.309028 0.025391 0.041667
