0 0.695312 0.821181 0.058594 0.163194
0 0.815430 0.581597 0.044922 0.100694
0 0.725586 0.479167 0.041016 0.083333
0 0.694336 0.388889 0.029297 0.062500
0 0.780273 0.381944 0.033203 0.062500
0 0.876953 0.435764 0.046875 0.072917
0 0.529297 0.409722 0.019531 0.048611
0 0.556641 0.395833 0.015625 0.055556
0 0.397461 0.442708 0.017578 0.065972
0 0.382812 0.472222 0.015625 0.069444
0 0.352539 0.463542 0.017578 0.072917
0 0.329102 0.484375 0.017578 0.079861
0 0.246094 0.501736 0.023438 0.079861
0 0.280273 0.491319 0.025391 0.079861
0 0.310547 0.472222 0.015625 0.076389
0 0.296875 0.432292 0.015625 0.059028
1 0.589844 0.477431 0.058594 0.100694
1 0.610352 0.402778 0.044922 0.069444
1 0.486328 0.401042 0.042969 0.065972
1 0.518555 0.359375 0.041016 0.059028
1 0.430664 0.385417 0.048828 0.076389
1 0.596680 0.309028 0.029297 0.041667
1 0.610352 0.281250 0.021484 0.041667
1 0.611328 0.248264 0.015625 0.024306
