1 0.477539 0.875000 0.138672 0.250000
1 0.381836 0.604167 0.103516 0.159722
1 0.531250 0.562500 0.078125 0.145833
1 0.584961 0.409722 0.048828 0.083333
1 0.587891 0.352431 0.031250 0.052083
1 0.564453 0.276042 0.027344 0.038194
1 0.513672 0.289931 0.027344 0.045139
1 0.649414 0.241319 0.017578 0.038194
0 0.616211 0.647569 0.025391 0.121528
0 0.618164 0.921875 0.048828 0.156250
0 0.547852 0.340278 0.009766 0.048611
0 0.717773 0.359375 0.021484 0.052083
0 0.788086 0.369792 0.033203 0.059028
0 0.966797 0.397569 0.042969 0.059028
0 0.613281 0.302083 0.011719 0.048611
0 0.664062 0.312500 0.011719 0.034722
3 0.473633 0.392361 0.076172 0.152778
0 0.615234 0.482639 0.019531 0.083333
2 0.609375 0.253472 0.031250 0.062500
