0 0.377930 0.748264 0.064453 0.149306
0 0.843750 0.609375 0.042969 0.107639
0 0.795898 0.447917 0.052734 0.076389
0 0.679688 0.414931 0.039062 0.065972
0 0.273438 0.505208 0.023438 0.086806
0 0.325195 0.487847 0.025391 0.079861
0 0.377930 0.465278 0.017578 0.076389
0 0.408203 0.456597 0.015625 0.079861
0 0.296875 0.421875 0.011719 0.052083
0 0.590820 0.366319 0.021484 0.045139
0 0.499023 0.401042 0.017578 0.059028
0 0.526367 0.402778 0.017578 0.062500
0 0.436523 0.449653 0.017578 0.079861
1 0.454102 0.383681 0.044922 0.059028
1 0.530273 0.303819 0.044922 0.100694
