0 0.379883 0.527778 0.025391 0.097222
0 0.621094 0.470486 0.019531 0.072917
0 0.888672 0.446181 0.050781 0.079861
0 0.833984 0.425347 0.039062 0.059028
0 0.528320 0.375000 0.017578 0.055556
0 0.408203 0.444444 0.019531 0.076389
0 0.366211 0.451389 0.017578 0.076389
0 0.550781 0.420139 0.015625 0.069444
0 0.571289 0.440972 0.017578 0.076389
0 0.601562 0.432292 0.019531 0.072917
0 0.540039 0.322917 0.013672 0.041667
0 0.679688 0.335069 0.019531 0.052083
0 0.612305 0.380208 0.013672 0.045139
0 0.597656 0.359375 0.015625 0.052083
2 0.616211 0.239583 0.021484 0.048611
