0 0.520508 0.901042 0.048828 0.184028
0 0.584961 0.737847 0.033203 0.149306
0 0.645508 0.949653 0.044922 0.100694
0 0.349609 0.722222 0.042969 0.173611
0 0.104492 0.770833 0.068359 0.152778
0 0.630859 0.593750 0.023438 0.104167
0 0.582031 0.546875 0.023438 0.100694
0 0.547852 0.522569 0.021484 0.086806
0 0.616211 0.515625 0.017578 0.086806
0 0.628906 0.480903 0.019531 0.072917
0 0.610352 0.467014 0.017578 0.086806
0 0.588867 0.456597 0.017578 0.079861
0 0.624023 0.369792 0.013672 0.052083
0 0.609375 0.355903 0.015625 0.052083
0 0.543945 0.361111 0.017578 0.055556
0 0.578125 0.350694 0.027344 0.048611
0 0.412109 0.407986 0.019531 0.065972
0 0.296875 0.520833 0.023438 0.083333
0 0.234375 0.519097 0.035156 0.093750
0 0.139648 0.597222 0.037109 0.118056
0 0.864258 0.397569 0.037109 0.059028
0 0.755859 0.359375 0.023438 0.052083
0 0.961914 0.401042 0.033203 0.045139
0 0.620117 0.312500 0.009766 0.034722
0 0.553711 0.281250 0.013672 0.034722
0 0.020508 0.770833 0.037109 0.131944
0 0.015625 0.911458 0.027344 0.114583
1 0.334961 0.609375 0.119141 0.170139
1 0.530273 0.317708 0.033203 0.045139
2 0.472656 0.392361 0.085938 0.166667
