0 0.804688 0.685764 0.042969 0.121528
0 0.382812 0.571181 0.050781 0.100694
0 0.062500 0.753472 0.097656 0.159722
0 0.411133 0.473958 0.021484 0.079861
0 0.274414 0.505208 0.017578 0.079861
0 0.343750 0.482639 0.015625 0.076389
0 0.307617 0.486111 0.017578 0.083333
0 0.760742 0.383681 0.017578 0.052083
0 0.613281 0.355903 0.011719 0.045139
0 0.408203 0.373264 0.011719 0.045139
0 0.357422 0.453125 0.011719 0.059028
0 0.381836 0.454861 0.013672 0.069444
0 0.391602 0.461806 0.013672 0.069444
1 0.568359 0.522569 0.074219 0.114583
1 0.141602 0.911458 0.279297 0.177083
1 0.851562 0.414931 0.109375 0.072917
1 0.435547 0.416667 0.054688 0.076389
1 0.510742 0.385417 0.048828 0.069444
1 0.535156 0.331597 0.027344 0.045139
1 0.641602 0.335069 0.048828 0.052083
