2 0.531250 0.637153 0.148438 0.371528
2 0.588867 0.324653 0.037109 0.100694
3 0.451172 0.463542 0.066406 0.142361
3 0.611328 0.251736 0.019531 0.045139
1 0.500977 0.368056 0.044922 0.069444
1 0.352539 0.644097 0.115234 0.190972
0 0.116211 0.829861 0.064453 0.187500
0 0.233398 0.619792 0.041016 0.121528
0 0.385742 0.444444 0.021484 0.076389
0 0.377930 0.404514 0.013672 0.052083
0 0.537109 0.401042 0.019531 0.052083
0 0.602539 0.414931 0.013672 0.065972
0 0.629883 0.402778 0.017578 0.062500
0 0.656250 0.404514 0.015625 0.059028
0 0.677734 0.381944 0.015625 0.055556
0 0.725586 0.366319 0.025391 0.052083
0 0.539062 0.347222 0.011719 0.041667
0 0.468750 0.348958 0.011719 0.045139
0 0.507812 0.296875 0.011719 0.038194
0 0.524414 0.296875 0.009766 0.038194
