1 0.205078 0.835069 0.171875 0.260417
1 0.347656 0.479167 0.082031 0.125000
1 0.450195 0.496528 0.072266 0.111111
1 0.511719 0.361111 0.039062 0.069444
1 0.534180 0.336806 0.025391 0.048611
1 0.544922 0.312500 0.023438 0.048611
1 0.610352 0.248264 0.017578 0.038194
1 0.649414 0.244792 0.013672 0.031250
0 0.265625 0.486111 0.023438 0.083333
0 0.301758 0.470486 0.021484 0.100694
0 0.496094 0.416667 0.023438 0.062500
0 0.419922 0.366319 0.019531 0.059028
0 0.692383 0.473958 0.017578 0.072917
0 0.862305 0.437500 0.044922 0.076389
0 0.713867 0.769097 0.037109 0.149306
0 0.597656 0.732639 0.039062 0.131944
0 0.557617 0.828125 0.041016 0.170139
0 0.619141 0.914931 0.046875 0.170139
0 0.333008 0.652778 0.060547 0.118056
0 0.610352 0.399306 0.041016 0.069444
0 0.666016 0.350694 0.015625 0.055556
0 0.638672 0.500000 0.023438 0.090278
0 0.679688 0.515625 0.023438 0.093750
0 0.625000 0.578125 0.031250 0.114583
0 0.589844 0.534722 0.027344 0.104167
0 0.544922 0.486111 0.019531 0.083333
0 0.969727 0.468750 0.052734 0.083333
0 0.730469 0.368056 0.027344 0.048611
0 0.588867 0.442708 0.017578 0.072917
0 0.619141 0.447917 0.015625 0.062500
2 0.445312 0.748264 0.210938 0.468750
