0 0.427734 0.600694 0.035156 0.118056
0 0.110352 0.642361 0.052734 0.131944
0 0.326172 0.486111 0.023438 0.076389
0 0.348633 0.456597 0.017578 0.086806
0 0.299805 0.425347 0.017578 0.072917
0 0.447266 0.420139 0.015625 0.069444
0 0.427734 0.402778 0.015625 0.062500
0 0.379883 0.390625 0.017578 0.059028
0 0.779297 0.651042 0.050781 0.121528
0 0.658203 0.484375 0.042969 0.079861
0 0.815430 0.482639 0.041016 0.076389
0 0.667969 0.373264 0.015625 0.052083
0 0.765625 0.480903 0.035156 0.079861
0 0.715820 0.437500 0.037109 0.076389
0 0.776367 0.402778 0.037109 0.069444
0 0.829102 0.387153 0.037109 0.052083
