0 0.648438 0.881944 0.042969 0.180556
0 0.557617 0.878472 0.044922 0.187500
0 0.674805 0.642361 0.025391 0.125000
0 0.606445 0.621528 0.029297 0.118056
0 0.627930 0.532986 0.025391 0.093750
0 0.681641 0.550347 0.027344 0.086806
0 0.822266 0.435764 0.042969 0.079861
0 0.764648 0.411458 0.041016 0.072917
0 0.587891 0.468750 0.023438 0.076389
0 0.608398 0.421875 0.017578 0.065972
0 0.601562 0.359375 0.015625 0.052083
0 0.632812 0.343750 0.019531 0.041667
0 0.250000 0.513889 0.027344 0.097222
0 0.029297 0.829861 0.054688 0.187500
0 0.687500 0.342014 0.023438 0.038194
0 0.531250 0.375000 0.011719 0.041667
0 0.455078 0.347222 0.007812 0.034722
1 0.517578 0.567708 0.082031 0.135417
1 0.473633 0.460069 0.060547 0.100694
1 0.266602 0.781250 0.166016 0.270833
1 0.396484 0.930556 0.167969 0.138889
1 0.499023 0.354167 0.037109 0.062500
1 0.652344 0.274306 0.019531 0.034722
1 0.533203 0.298611 0.023438 0.041667
2 0.367188 0.442708 0.156250 0.232639
