0 0.413086 0.612847 0.044922 0.100694
0 0.638672 0.579861 0.023438 0.097222
0 0.847656 0.611111 0.046875 0.104167
0 0.792969 0.472222 0.039062 0.083333
0 0.843750 0.432292 0.035156 0.065972
0 0.971680 0.567708 0.041016 0.086806
0 0.133789 0.736111 0.083984 0.138889
0 0.110352 0.649306 0.044922 0.118056
0 0.194336 0.548611 0.029297 0.111111
0 0.380859 0.500000 0.023438 0.076389
0 0.430664 0.447917 0.013672 0.062500
0 0.322266 0.493056 0.019531 0.076389
0 0.291016 0.489583 0.019531 0.076389
0 0.765625 0.364583 0.023438 0.048611
0 0.668945 0.387153 0.013672 0.059028
1 0.479492 0.406250 0.052734 0.076389
1 0.575195 0.506944 0.064453 0.111111
1 0.588867 0.394097 0.044922 0.065972
1 0.543945 0.291667 0.029297 0.034722
3 0.595703 0.309028 0.035156 0.069444
2 0.679688 0.343750 0.078125 0.083333
