2 0.524414 0.524306 0.091797 0.173611
3 0.453125 0.453125 0.070312 0.156250
1 0.317383 0.718750 0.138672 0.215278
1 0.600586 0.296875 0.025391 0.045139
1 0.546875 0.291667 0.023438 0.041667
1 0.633789 0.246528 0.017578 0.027778
0 0.773438 0.680556 0.042969 0.159722
0 0.610352 0.763889 0.044922 0.145833
0 0.543945 0.678819 0.033203 0.135417
0 0.623047 0.588542 0.027344 0.121528
0 0.760742 0.447917 0.044922 0.069444
0 0.716797 0.427083 0.039062 0.069444
0 0.619141 0.479167 0.015625 0.083333
0 0.596680 0.435764 0.013672 0.065972
0 0.574219 0.404514 0.011719 0.065972
0 0.592773 0.385417 0.009766 0.055556
0 0.523438 0.378472 0.015625 0.062500
0 0.555664 0.352431 0.013672 0.052083
0 0.472656 0.322917 0.011719 0.041667
0 0.407227 0.451389 0.017578 0.076389
0 0.401367 0.380208 0.013672 0.059028
0 0.368164 0.446181 0.021484 0.079861
0 0.341797 0.439236 0.019531 0.086806
0 0.168945 0.668403 0.048828 0.142361
0 0.059570 0.675347 0.064453 0.135417
0 0.072266 0.848958 0.109375 0.177083
0 0.674805 0.357639 0.013672 0.048611
