0 0.547852 0.809028 0.037109 0.166667
0 0.394531 0.468750 0.039062 0.090278
0 0.446289 0.342014 0.013672 0.045139
0 0.523438 0.355903 0.015625 0.045139
0 0.572266 0.414931 0.023438 0.059028
0 0.685547 0.501736 0.050781 0.079861
0 0.972656 0.418403 0.039062 0.065972
0 0.599609 0.343750 0.011719 0.041667
1 0.516602 0.532986 0.068359 0.121528
1 0.661133 0.380208 0.037109 0.052083
1 0.498047 0.331597 0.039062 0.059028
1 0.606445 0.309028 0.025391 0.034722
1 0.629883 0.291667 0.021484 0.034722
1 0.590820 0.222222 0.013672 0.020833
1 0.610352 0.260417 0.013672 0.027778
