0 0.646484 0.713542 0.031250 0.142361
0 0.837891 0.477431 0.054688 0.086806
0 0.134766 0.633681 0.042969 0.128472
0 0.689453 0.498264 0.019531 0.086806
0 0.767578 0.453125 0.042969 0.065972
0 0.427734 0.411458 0.015625 0.059028
0 0.521484 0.427083 0.011719 0.055556
0 0.461914 0.361111 0.013672 0.048611
0 0.752930 0.369792 0.025391 0.052083
0 0.670898 0.345486 0.013672 0.045139
0 0.657227 0.315972 0.009766 0.034722
0 0.539062 0.397569 0.019531 0.052083
0 0.431641 0.362847 0.011719 0.038194
0 0.605469 0.364583 0.019531 0.048611
1 0.218750 0.807292 0.187500 0.281250
1 0.303711 0.569444 0.103516 0.152778
1 0.536133 0.314236 0.033203 0.038194
1 0.614258 0.310764 0.033203 0.052083
1 0.611328 0.258681 0.019531 0.031250
1 0.574219 0.253472 0.015625 0.027778
2 0.491211 0.697917 0.267578 0.493056
