0 0.338867 0.770833 0.068359 0.145833
0 0.727539 0.772569 0.064453 0.142361
0 0.555664 0.739583 0.068359 0.131944
0 0.653320 0.538194 0.033203 0.097222
0 0.724609 0.519097 0.046875 0.079861
0 0.503906 0.831597 0.082031 0.121528
0 0.498047 0.935764 0.097656 0.128472
0 0.388672 0.534722 0.031250 0.090278
0 0.421875 0.437500 0.015625 0.069444
0 0.724609 0.364583 0.019531 0.041667
0 0.299805 0.472222 0.017578 0.076389
0 0.318359 0.434028 0.011719 0.062500
0 0.354492 0.453125 0.041016 0.086806
0 0.453125 0.369792 0.015625 0.052083
1 0.502930 0.383681 0.048828 0.072917
1 0.820312 0.395833 0.105469 0.069444
2 0.562500 0.458333 0.097656 0.222222
0 0.694336 0.635417 0.052734 0.111111
0 0.685547 0.725694 0.058594 0.118056
