0 0.772461 0.682292 0.044922 0.156250
0 0.613281 0.756944 0.042969 0.145833
0 0.623047 0.588542 0.027344 0.107639
0 0.547852 0.677083 0.037109 0.131944
0 0.760742 0.444444 0.044922 0.069444
0 0.718750 0.427083 0.039062 0.069444
0 0.620117 0.482639 0.017578 0.069444
0 0.169922 0.664931 0.046875 0.135417
0 0.056641 0.675347 0.062500 0.142361
0 0.072266 0.848958 0.109375 0.163194
0 0.407227 0.453125 0.021484 0.072917
0 0.369141 0.439236 0.019531 0.072917
0 0.340820 0.437500 0.021484 0.069444
0 0.399414 0.383681 0.017578 0.045139
0 0.597656 0.435764 0.015625 0.072917
0 0.573242 0.404514 0.013672 0.059028
0 0.673828 0.355903 0.015625 0.045139
1 0.318359 0.713542 0.136719 0.204861
1 0.601562 0.295139 0.023438 0.041667
2 0.521484 0.522569 0.082031 0.170139
3 0.454102 0.446181 0.064453 0.142361
