1 0.575195 0.572917 0.087891 0.138889
1 0.197266 0.899306 0.238281 0.201389
1 0.507812 0.388889 0.042969 0.062500
1 0.469727 0.362847 0.048828 0.065972
1 0.672852 0.355903 0.068359 0.059028
1 0.651367 0.263889 0.017578 0.034722
3 0.871094 0.378472 0.160156 0.125000
0 0.832031 0.461806 0.046875 0.062500
0 0.857422 0.628472 0.042969 0.104167
0 0.465820 0.729167 0.056641 0.131944
0 0.466797 0.635417 0.039062 0.097222
0 0.324219 0.631944 0.058594 0.125000
0 0.239258 0.715278 0.080078 0.152778
0 0.094727 0.739583 0.087891 0.145833
0 0.252930 0.512153 0.025391 0.086806
0 0.594727 0.348958 0.017578 0.052083
0 0.651367 0.428819 0.033203 0.065972
0 0.553711 0.460069 0.025391 0.079861
0 0.390625 0.479167 0.019531 0.069444
0 0.337891 0.480903 0.019531 0.072917
0 0.295898 0.491319 0.017578 0.079861
0 0.371094 0.461806 0.015625 0.076389
0 0.380859 0.414931 0.015625 0.065972
0 0.572266 0.352431 0.011719 0.052083
