0 0.610352 0.800347 0.060547 0.156250
0 0.132812 0.777778 0.097656 0.159722
0 0.257812 0.675347 0.070312 0.142361
0 0.645508 0.494792 0.048828 0.065972
0 0.659180 0.423611 0.017578 0.062500
0 0.254883 0.510417 0.021484 0.083333
0 0.391602 0.477431 0.017578 0.072917
0 0.338867 0.484375 0.017578 0.072917
0 0.294922 0.489583 0.015625 0.069444
0 0.545898 0.404514 0.013672 0.059028
0 0.364258 0.470486 0.013672 0.072917
1 0.431641 0.411458 0.058594 0.086806
1 0.509766 0.390625 0.039062 0.065972
1 0.791992 0.404514 0.087891 0.059028
1 0.597656 0.409722 0.046875 0.062500
1 0.639648 0.335069 0.037109 0.045139
1 0.596680 0.315972 0.021484 0.041667
3 0.941406 0.401042 0.117188 0.107639
