1 0.365234 0.586806 0.105469 0.173611
1 0.480469 0.411458 0.054688 0.093750
1 0.603516 0.288194 0.023438 0.034722
3 0.355469 0.855903 0.281250 0.288194
0 0.175781 0.664931 0.046875 0.135417
0 0.291992 0.604167 0.033203 0.118056
0 0.349609 0.501736 0.023438 0.086806
0 0.359375 0.456597 0.019531 0.079861
0 0.678711 0.494792 0.017578 0.079861
0 0.624023 0.473958 0.017578 0.086806
0 0.575195 0.418403 0.021484 0.072917
0 0.620117 0.409722 0.013672 0.055556
0 0.593750 0.357639 0.011719 0.048611
0 0.773438 0.366319 0.023438 0.045139
0 0.636719 0.350694 0.011719 0.048611
0 0.615234 0.340278 0.011719 0.048611
0 0.511719 0.340278 0.011719 0.048611
0 0.529297 0.300347 0.007812 0.038194
0 0.652344 0.322917 0.007812 0.041667
