1 0.525391 0.531250 0.132812 0.138889
1 0.884766 0.430556 0.117188 0.083333
1 0.464844 0.375000 0.046875 0.062500
1 0.530273 0.321181 0.033203 0.052083
1 0.606445 0.276042 0.021484 0.038194
0 0.748047 0.708333 0.050781 0.131944
0 0.312500 0.729167 0.082031 0.159722
0 0.349609 0.475694 0.027344 0.083333
0 0.313477 0.473958 0.021484 0.086806
0 0.411133 0.414931 0.017578 0.072917
0 0.519531 0.385417 0.015625 0.055556
0 0.538086 0.371528 0.013672 0.055556
0 0.752930 0.371528 0.033203 0.055556
0 0.651367 0.324653 0.017578 0.045139
