0 0.699219 0.779514 0.054688 0.149306
0 0.493164 0.883681 0.072266 0.170139
0 0.611328 0.710069 0.050781 0.128472
0 0.715820 0.645833 0.044922 0.118056
0 0.629883 0.465278 0.025391 0.076389
0 0.832031 0.659722 0.035156 0.104167
0 0.425781 0.560764 0.046875 0.107639
0 0.530273 0.527778 0.041016 0.090278
0 0.055664 0.812500 0.107422 0.173611
0 0.315430 0.569444 0.048828 0.097222
0 0.328125 0.480903 0.023438 0.072917
0 0.537109 0.414931 0.015625 0.059028
0 0.543945 0.343750 0.009766 0.041667
0 0.518555 0.397569 0.009766 0.045139
0 0.773438 0.427083 0.039062 0.062500
0 0.809570 0.413194 0.033203 0.048611
1 0.704102 0.380208 0.080078 0.052083
1 0.506836 0.364583 0.033203 0.055556
1 0.474609 0.333333 0.031250 0.048611
1 0.559570 0.281250 0.021484 0.027778
