2 0.542969 0.289931 0.058594 0.100694
1 0.465820 0.451389 0.068359 0.111111
1 0.341797 0.684028 0.109375 0.180556
1 0.430664 0.885417 0.162109 0.229167
1 0.502930 0.371528 0.044922 0.069444
1 0.652344 0.262153 0.019531 0.038194
0 0.708984 0.899306 0.035156 0.201389
0 0.600586 0.883681 0.052734 0.177083
0 0.603516 0.710069 0.031250 0.149306
0 0.601562 0.604167 0.031250 0.111111
0 0.561523 0.496528 0.025391 0.083333
0 0.583984 0.427083 0.019531 0.069444
0 0.653320 0.486111 0.021484 0.076389
0 0.758789 0.473958 0.052734 0.079861
0 0.623047 0.460069 0.019531 0.086806
0 0.630859 0.407986 0.035156 0.065972
0 0.161133 0.807292 0.060547 0.184028
0 0.118164 0.753472 0.052734 0.152778
0 0.203125 0.704861 0.046875 0.145833
0 0.158203 0.631944 0.042969 0.131944
0 0.108398 0.607639 0.041016 0.111111
0 0.218750 0.595486 0.031250 0.114583
0 0.209961 0.531250 0.029297 0.104167
0 0.283203 0.572917 0.027344 0.104167
0 0.283203 0.527778 0.019531 0.083333
0 0.336914 0.487847 0.021484 0.093750
0 0.377930 0.487847 0.021484 0.086806
0 0.366211 0.435764 0.017578 0.072917
0 0.302734 0.421875 0.023438 0.059028
0 0.453125 0.369792 0.015625 0.052083
0 0.433594 0.357639 0.015625 0.055556
0 0.561523 0.368056 0.017578 0.055556
0 0.624023 0.347222 0.013672 0.048611
0 0.600586 0.329861 0.009766 0.041667
0 0.615234 0.307292 0.011719 0.038194
