2 0.619141 0.220486 0.019531 0.045139
1 0.637695 0.531250 0.064453 0.104167
1 0.275391 0.876736 0.269531 0.246528
1 0.500977 0.385417 0.048828 0.069444
1 0.516602 0.342014 0.029297 0.045139
0 0.984375 0.532986 0.031250 0.086806
0 0.856445 0.451389 0.044922 0.062500
0 0.810547 0.388889 0.035156 0.048611
0 0.879883 0.390625 0.013672 0.052083
0 0.633789 0.354167 0.013672 0.048611
0 0.619141 0.375000 0.015625 0.048611
0 0.594727 0.461806 0.037109 0.062500
0 0.521484 0.618056 0.035156 0.111111
0 0.421875 0.439236 0.015625 0.065972
0 0.454102 0.406250 0.013672 0.062500
0 0.434570 0.401042 0.013672 0.052083
0 0.385742 0.467014 0.021484 0.079861
0 0.353516 0.479167 0.015625 0.083333
0 0.344727 0.451389 0.037109 0.076389
0 0.313477 0.453125 0.017578 0.079861
0 0.244141 0.501736 0.019531 0.086806
0 0.064453 0.748264 0.105469 0.170139
1 0.585938 0.236111 0.019531 0.027778
1 0.610352 0.260417 0.013672 0.027778
0 0.539062 0.407986 0.015625 0.059028
0 0.565430 0.383681 0.013672 0.059028
