0 0.807617 0.472222 0.037109 0.083333
0 0.956055 0.442708 0.041016 0.079861
0 0.681641 0.406250 0.042969 0.069444
0 0.291992 0.496528 0.017578 0.090278
0 0.331055 0.482639 0.021484 0.083333
0 0.343750 0.453125 0.015625 0.065972
0 0.373047 0.473958 0.019531 0.072917
0 0.396484 0.458333 0.015625 0.083333
0 0.420898 0.454861 0.017578 0.083333
0 0.383789 0.387153 0.013672 0.052083
0 0.419922 0.366319 0.015625 0.045139
0 0.532227 0.399306 0.009766 0.055556
0 0.648438 0.315972 0.011719 0.034722
1 0.502930 0.387153 0.041016 0.065972
1 0.779297 0.423611 0.128906 0.069444
3 0.522461 0.565972 0.076172 0.145833
