0 0.590820 0.517361 0.025391 0.097222
0 0.619141 0.475694 0.019531 0.083333
0 0.700195 0.430556 0.037109 0.076389
0 0.753906 0.437500 0.039062 0.076389
0 0.837891 0.454861 0.042969 0.076389
0 0.878906 0.487847 0.058594 0.072917
0 0.805664 0.416667 0.037109 0.062500
0 0.666992 0.357639 0.013672 0.048611
0 0.885742 0.423611 0.037109 0.048611
0 0.386719 0.489583 0.023438 0.090278
0 0.365234 0.472222 0.019531 0.083333
0 0.453125 0.371528 0.015625 0.055556
0 0.558594 0.366319 0.015625 0.052083
0 0.610352 0.361111 0.017578 0.055556
0 0.547852 0.324653 0.013672 0.045139
0 0.518555 0.288194 0.013672 0.034722
0 0.635742 0.255208 0.009766 0.031250
0 0.622070 0.255208 0.005859 0.038194
0 0.558594 0.262153 0.011719 0.031250
0 0.539062 0.263889 0.007812 0.027778
1 0.605469 0.260417 0.015625 0.034722
