0 0.385742 0.498264 0.021484 0.093750
0 0.037109 0.897569 0.070312 0.204861
0 0.405273 0.397569 0.017578 0.059028
0 0.433594 0.399306 0.015625 0.069444
0 0.824219 0.435764 0.046875 0.072917
0 0.945312 0.467014 0.046875 0.079861
0 0.777344 0.371528 0.027344 0.055556
0 0.599609 0.289931 0.011719 0.045139
0 0.635742 0.293403 0.009766 0.038194
0 0.532227 0.263889 0.009766 0.027778
0 0.623047 0.270833 0.007812 0.034722
1 0.547852 0.307292 0.025391 0.038194
1 0.654297 0.276042 0.019531 0.031250
1 0.649414 0.243056 0.017578 0.027778
