0 0.528320 0.857639 0.068359 0.159722
0 0.645508 0.680556 0.056641 0.125000
0 0.536133 0.625000 0.041016 0.125000
0 0.464844 0.567708 0.050781 0.100694
0 0.111328 0.800347 0.101562 0.156250
0 0.602539 0.539931 0.044922 0.086806
0 0.642578 0.501736 0.039062 0.086806
0 0.356445 0.480903 0.025391 0.079861
0 0.317383 0.489583 0.025391 0.097222
0 0.335938 0.413194 0.019531 0.062500
0 0.416016 0.420139 0.015625 0.062500
0 0.574219 0.447917 0.035156 0.062500
0 0.722656 0.500000 0.039062 0.083333
0 0.626953 0.446181 0.039062 0.065972
0 0.879883 0.458333 0.052734 0.083333
0 0.835938 0.439236 0.031250 0.065972
0 0.781250 0.423611 0.039062 0.062500
0 0.658203 0.421875 0.031250 0.059028
0 0.691406 0.446181 0.031250 0.065972
0 0.460938 0.378472 0.015625 0.048611
0 0.505859 0.366319 0.015625 0.045139
0 0.525391 0.375000 0.011719 0.041667
0 0.612305 0.338542 0.009766 0.038194
