0 0.545898 0.770833 0.076172 0.145833
0 0.580078 0.663194 0.042969 0.125000
0 0.813477 0.592014 0.044922 0.107639
0 0.866211 0.614583 0.041016 0.111111
0 0.454102 0.623264 0.056641 0.121528
0 0.543945 0.611111 0.048828 0.111111
0 0.269531 0.718750 0.082031 0.152778
0 0.081055 0.664931 0.068359 0.135417
0 0.230469 0.519097 0.027344 0.093750
0 0.283203 0.501736 0.027344 0.093750
0 0.323242 0.484375 0.021484 0.086806
0 0.363281 0.477431 0.019531 0.086806
0 0.386719 0.439236 0.015625 0.072917
0 0.418945 0.470486 0.017578 0.072917
0 0.566406 0.437500 0.015625 0.069444
0 0.603516 0.524306 0.039062 0.090278
0 0.636719 0.496528 0.027344 0.076389
0 0.679688 0.486111 0.031250 0.076389
0 0.732422 0.465278 0.039062 0.083333
0 0.763672 0.437500 0.027344 0.076389
0 0.835938 0.392361 0.039062 0.062500
0 0.965820 0.435764 0.048828 0.065972
0 0.603516 0.378472 0.019531 0.055556
0 0.615234 0.336806 0.011719 0.041667
0 0.594727 0.345486 0.013672 0.052083
0 0.409180 0.375000 0.017578 0.062500
0 0.345703 0.437500 0.019531 0.069444
0 0.736328 0.369792 0.031250 0.052083
0 0.687500 0.350694 0.023438 0.055556
0 0.549805 0.354167 0.013672 0.055556
0 0.565430 0.288194 0.013672 0.041667
0 0.469727 0.350694 0.013672 0.048611
0 0.484375 0.328125 0.007812 0.045139
0 0.519531 0.284722 0.007812 0.034722
0 0.537109 0.272569 0.007812 0.031250
1 0.485352 0.395833 0.044922 0.069444
1 0.508789 0.359375 0.037109 0.045139
1 0.526367 0.329861 0.029297 0.041667
1 0.541992 0.302083 0.025391 0.034722
2 0.602539 0.196181 0.017578 0.031250
1 0.944336 0.409722 0.111328 0.062500
