1 0.554688 0.536458 0.070312 0.107639
1 0.625000 0.324653 0.031250 0.045139
1 0.491211 0.394097 0.048828 0.065972
0 0.693359 0.668403 0.050781 0.114583
0 0.504883 0.829861 0.072266 0.152778
0 0.193359 0.907986 0.066406 0.177083
0 0.114258 0.914931 0.080078 0.170139
0 0.291992 0.607639 0.025391 0.111111
0 0.205078 0.746528 0.046875 0.152778
0 0.156250 0.699653 0.046875 0.135417
0 0.099609 0.638889 0.046875 0.125000
0 0.362305 0.618056 0.033203 0.104167
0 0.827148 0.477431 0.033203 0.079861
0 0.750977 0.472222 0.033203 0.062500
0 0.675781 0.435764 0.042969 0.065972
0 0.631836 0.404514 0.029297 0.059028
0 0.221680 0.571181 0.029297 0.093750
0 0.424805 0.447917 0.017578 0.076389
0 0.391602 0.517361 0.021484 0.090278
0 0.344727 0.500000 0.017578 0.076389
0 0.264648 0.527778 0.017578 0.090278
0 0.289062 0.524306 0.015625 0.090278
0 0.450195 0.399306 0.013672 0.055556
