0 0.698242 0.782986 0.056641 0.149306
0 0.612305 0.710069 0.052734 0.135417
0 0.492188 0.883681 0.070312 0.177083
0 0.715820 0.647569 0.044922 0.121528
0 0.834961 0.661458 0.044922 0.114583
0 0.532227 0.526042 0.041016 0.086806
0 0.424805 0.560764 0.048828 0.107639
0 0.316406 0.569444 0.050781 0.104167
0 0.054688 0.812500 0.105469 0.166667
0 0.628906 0.467014 0.023438 0.079861
0 0.537109 0.411458 0.019531 0.059028
0 0.329102 0.482639 0.021484 0.083333
0 0.520508 0.392361 0.013672 0.069444
0 0.543945 0.345486 0.013672 0.052083
0 0.773438 0.432292 0.035156 0.072917
0 0.808594 0.413194 0.027344 0.062500
0 0.866211 0.385417 0.037109 0.055556
0 0.888672 0.460069 0.039062 0.072917
1 0.507812 0.364583 0.035156 0.055556
1 0.703125 0.376736 0.082031 0.059028
1 0.558594 0.282986 0.023438 0.038194
1 0.474609 0.336806 0.031250 0.048611
