0 0.855469 0.630208 0.046875 0.114583
0 0.686523 0.517361 0.021484 0.083333
0 0.598633 0.534722 0.025391 0.097222
0 0.636719 0.442708 0.015625 0.065972
0 0.611328 0.444444 0.015625 0.062500
0 0.577148 0.435764 0.013672 0.065972
0 0.818359 0.458333 0.050781 0.083333
0 0.880859 0.508681 0.042969 0.079861
0 0.430664 0.376736 0.013672 0.059028
0 0.491211 0.399306 0.013672 0.055556
0 0.826172 0.387153 0.042969 0.052083
0 0.785156 0.376736 0.027344 0.052083
0 0.689453 0.355903 0.011719 0.045139
0 0.672852 0.359375 0.013672 0.052083
0 0.650391 0.335069 0.011719 0.038194
0 0.615234 0.336806 0.011719 0.055556
0 0.544922 0.322917 0.011719 0.041667
1 0.569336 0.375000 0.044922 0.062500
1 0.525391 0.467014 0.050781 0.065972
2 0.613281 0.258681 0.031250 0.072917
3 0.506836 0.543403 0.076172 0.149306
