0 0.935547 0.529514 0.023438 0.065972
0 0.873047 0.555556 0.046875 0.076389
0 0.867188 0.637153 0.046875 0.114583
0 0.793945 0.677083 0.048828 0.125000
0 0.589844 0.677083 0.039062 0.131944
0 0.694336 0.456597 0.021484 0.079861
0 0.532227 0.388889 0.013672 0.062500
0 0.555664 0.362847 0.013672 0.052083
0 0.541992 0.373264 0.013672 0.052083
0 0.511719 0.348958 0.011719 0.052083
0 0.482422 0.395833 0.019531 0.062500
0 0.438477 0.456597 0.021484 0.079861
0 0.435547 0.406250 0.015625 0.055556
0 0.298828 0.427083 0.019531 0.076389
0 0.279297 0.498264 0.019531 0.093750
0 0.325195 0.489583 0.021484 0.083333
0 0.348633 0.456597 0.013672 0.079861
0 0.380859 0.467014 0.023438 0.086806
0 0.410156 0.454861 0.019531 0.083333
0 0.447266 0.345486 0.011719 0.045139
0 0.499023 0.310764 0.013672 0.045139
0 0.814453 0.380208 0.035156 0.059028
0 0.634766 0.310764 0.011719 0.038194
1 0.394531 0.656250 0.160156 0.173611
2 0.545898 0.284722 0.041016 0.090278
3 0.612305 0.251736 0.021484 0.052083
