1 0.951172 0.430556 0.097656 0.069444
1 0.663086 0.387153 0.080078 0.059028
1 0.555664 0.515625 0.056641 0.093750
1 0.509766 0.387153 0.042969 0.072917
1 0.622070 0.336806 0.048828 0.062500
1 0.534180 0.326389 0.025391 0.041667
1 0.499023 0.328125 0.025391 0.045139
1 0.433594 0.418403 0.050781 0.065972
1 0.459961 0.364583 0.037109 0.062500
1 0.605469 0.269097 0.019531 0.031250
0 0.833008 0.647569 0.052734 0.114583
0 0.746094 0.753472 0.050781 0.138889
0 0.533203 0.848958 0.082031 0.170139
0 0.239258 0.861111 0.095703 0.180556
0 0.388672 0.494792 0.031250 0.086806
0 0.484375 0.446181 0.023438 0.065972
0 0.247070 0.500000 0.021484 0.083333
0 0.345703 0.482639 0.019531 0.076389
0 0.308594 0.487847 0.023438 0.079861
0 0.273438 0.500000 0.023438 0.090278
0 0.352539 0.395833 0.017578 0.048611
0 0.361328 0.454861 0.015625 0.055556
