0 0.863281 0.579861 0.042969 0.097222
0 0.976562 0.465278 0.046875 0.083333
0 0.820312 0.670139 0.046875 0.125000
0 0.651367 0.758681 0.064453 0.142361
0 0.484375 0.812500 0.078125 0.159722
0 0.192383 0.855903 0.095703 0.184028
0 0.197266 0.685764 0.078125 0.142361
0 0.240234 0.625000 0.058594 0.097222
0 0.254883 0.498264 0.029297 0.079861
0 0.291016 0.487847 0.019531 0.086806
0 0.329102 0.477431 0.021484 0.086806
0 0.397461 0.453125 0.017578 0.079861
0 0.428711 0.453125 0.017578 0.079861
0 0.700195 0.427083 0.037109 0.076389
0 0.583984 0.376736 0.019531 0.052083
0 0.426758 0.352431 0.013672 0.052083
0 0.470703 0.333333 0.011719 0.048611
0 0.491211 0.324653 0.009766 0.038194
0 0.512695 0.328125 0.009766 0.045139
0 0.528320 0.322917 0.009766 0.041667
0 0.636719 0.298611 0.007812 0.034722
0 0.893555 0.397569 0.037109 0.059028
1 0.643555 0.348958 0.052734 0.052083
1 0.483398 0.402778 0.056641 0.076389
1 0.955078 0.423611 0.089844 0.076389
