1 0.421875 0.836806 0.132812 0.319444
1 0.131836 0.770833 0.138672 0.215278
0 0.163086 0.539931 0.041016 0.100694
0 0.187500 0.446181 0.035156 0.107639
1 0.430664 0.383681 0.044922 0.100694
1 0.378906 0.335069 0.035156 0.059028
1 0.430664 0.296875 0.033203 0.065972
0 0.018555 0.425347 0.029297 0.065972
0 0.088867 0.376736 0.017578 0.052083
0 0.069336 0.373264 0.017578 0.038194
0 0.792969 0.258681 0.027344 0.059028
0 0.729492 0.232639 0.017578 0.041667
0 0.892578 0.270833 0.035156 0.069444
0 0.934570 0.326389 0.029297 0.076389
0 0.980469 0.329861 0.035156 0.083333
