1 0.429688 0.697917 0.089844 0.208333
1 0.116211 0.746528 0.142578 0.243056
0 0.070312 0.583333 0.031250 0.104167
1 0.236328 0.496528 0.078125 0.125000
1 0.371094 0.390625 0.042969 0.079861
1 0.436523 0.329861 0.033203 0.069444
0 0.289062 0.331597 0.015625 0.059028
0 0.262695 0.331597 0.013672 0.045139
0 0.115234 0.411458 0.015625 0.059028
0 0.139648 0.380208 0.017578 0.059028
0 0.065430 0.418403 0.021484 0.059028
0 0.034180 0.463542 0.025391 0.065972
1 0.580078 0.267361 0.031250 0.048611
0 0.892578 0.303819 0.019531 0.059028
0 0.949219 0.328125 0.031250 0.065972
0 0.844727 0.256944 0.017578 0.048611
0 0.805664 0.270833 0.017578 0.048611
