1 0.443359 0.555556 0.066406 0.138889
1 0.318359 0.529514 0.074219 0.142361
1 0.375000 0.340278 0.035156 0.069444
1 0.426758 0.262153 0.025391 0.045139
0 0.127930 0.510417 0.025391 0.090278
0 0.190430 0.470486 0.025391 0.079861
0 0.239258 0.409722 0.017578 0.062500
0 0.314453 0.366319 0.019531 0.065972
0 0.853516 0.307292 0.019531 0.059028
0 0.901367 0.300347 0.025391 0.059028
0 0.953125 0.322917 0.027344 0.069444
0 0.145508 0.354167 0.013672 0.048611
0 0.754883 0.248264 0.009766 0.045139
0 0.791016 0.251736 0.023438 0.052083
