1 0.321289 0.522569 0.064453 0.149306
1 0.379883 0.390625 0.041016 0.079861
1 0.426758 0.472222 0.060547 0.104167
0 0.155273 0.612847 0.033203 0.114583
0 0.064453 0.664931 0.039062 0.121528
0 0.025391 0.755208 0.046875 0.149306
0 0.025391 0.491319 0.023438 0.072917
1 0.042969 0.413194 0.074219 0.083333
1 0.695312 0.409722 0.078125 0.111111
1 0.775391 0.399306 0.070312 0.097222
1 0.537109 0.305556 0.035156 0.055556
2 0.744141 0.223958 0.070312 0.093750
0 0.927734 0.319444 0.023438 0.062500
0 0.799805 0.269097 0.017578 0.052083
0 0.737305 0.274306 0.021484 0.048611
0 0.282227 0.352431 0.017578 0.059028
