0 0.171875 0.435764 0.023438 0.072917
0 0.236328 0.409722 0.019531 0.069444
0 0.280273 0.366319 0.025391 0.093750
1 0.038086 0.456597 0.068359 0.093750
1 0.189453 0.913194 0.171875 0.173611
1 0.387695 0.307292 0.033203 0.052083
1 0.424805 0.267361 0.025391 0.041667
1 0.610352 0.263889 0.037109 0.048611
1 0.514648 0.256944 0.025391 0.048611
1 0.843750 0.368056 0.085938 0.097222
0 0.979492 0.342014 0.029297 0.072917
0 0.926758 0.303819 0.029297 0.072917
1 0.086914 0.387153 0.052734 0.059028
0 0.726562 0.236111 0.015625 0.048611
0 0.765625 0.225694 0.015625 0.041667
0 0.787109 0.265625 0.019531 0.045139
