3 0.174805 0.782986 0.255859 0.434028
1 0.421875 0.875000 0.125000 0.250000
1 0.434570 0.401042 0.052734 0.121528
1 0.668945 0.376736 0.060547 0.079861
0 0.208984 0.453125 0.019531 0.072917
0 0.235352 0.380208 0.017578 0.052083
0 0.083008 0.421875 0.021484 0.059028
0 0.141602 0.366319 0.017578 0.052083
0 0.026367 0.491319 0.025391 0.072917
1 0.316406 0.355903 0.035156 0.065972
1 0.387695 0.281250 0.025391 0.048611
1 0.340820 0.288194 0.025391 0.048611
0 0.768555 0.255208 0.017578 0.045139
0 0.891602 0.303819 0.025391 0.059028
0 0.866211 0.256944 0.017578 0.048611
1 0.575195 0.230903 0.029297 0.038194
