1 0.212891 0.583333 0.085938 0.138889
1 0.655273 0.345486 0.068359 0.079861
0 0.867188 0.390625 0.035156 0.086806
0 0.271484 0.381944 0.019531 0.062500
0 0.251953 0.373264 0.015625 0.059028
0 0.267578 0.326389 0.015625 0.041667
0 0.290039 0.340278 0.017578 0.041667
0 0.325195 0.291667 0.013672 0.041667
1 0.384766 0.277778 0.023438 0.048611
1 0.429688 0.296875 0.027344 0.045139
1 0.355469 0.260417 0.023438 0.034722
0 0.648438 0.255208 0.023438 0.052083
0 0.837891 0.284722 0.019531 0.062500
0 0.899414 0.295139 0.025391 0.055556
0 0.789062 0.258681 0.023438 0.052083
0 0.812500 0.274306 0.019531 0.048611
1 0.539062 0.232639 0.027344 0.041667
