1 0.585938 0.513889 0.093750 0.277778
3 0.237305 0.352431 0.107422 0.156250
3 0.460938 0.437500 0.117188 0.263889
1 0.523438 0.305556 0.046875 0.083333
3 0.210938 0.826389 0.417969 0.347222
0 0.210938 0.593750 0.046875 0.138889
0 0.110352 0.435764 0.044922 0.107639
0 0.622070 0.750000 0.056641 0.187500
0 0.745117 0.605903 0.048828 0.170139
0 0.695312 0.890625 0.058594 0.218750
0 0.655273 0.407986 0.029297 0.100694
0 0.660156 0.326389 0.035156 0.076389
0 0.605469 0.336806 0.027344 0.076389
0 0.335938 0.534722 0.066406 0.173611
0 0.367188 0.454861 0.031250 0.097222
