0 0.308594 0.824653 0.062500 0.204861
0 0.469727 0.894097 0.068359 0.204861
0 0.551758 0.713542 0.041016 0.184028
0 0.612305 0.621528 0.068359 0.152778
0 0.507812 0.651042 0.042969 0.163194
0 0.456055 0.597222 0.041016 0.138889
0 0.399414 0.684028 0.048828 0.166667
0 0.325195 0.642361 0.048828 0.145833
3 0.777344 0.590278 0.230469 0.326389
0 0.922852 0.875000 0.154297 0.222222
0 0.931641 0.519097 0.058594 0.142361
0 0.878906 0.545139 0.070312 0.159722
0 0.549805 0.468750 0.056641 0.125000
0 0.532227 0.543403 0.056641 0.121528
0 0.038086 0.539931 0.060547 0.135417
1 0.431641 0.375000 0.085938 0.125000
0 0.337891 0.501736 0.042969 0.128472
