3 0.296875 0.657986 0.203125 0.343750
3 0.443359 0.404514 0.109375 0.218750
0 0.776367 0.560764 0.041016 0.128472
0 0.659180 0.512153 0.029297 0.121528
0 0.618164 0.496528 0.029297 0.111111
0 0.585938 0.447917 0.023438 0.104167
0 0.549805 0.406250 0.029297 0.090278
0 0.909180 0.559028 0.083984 0.152778
0 0.804688 0.486111 0.062500 0.118056
0 0.714844 0.487847 0.039062 0.107639
0 0.673828 0.432292 0.027344 0.093750
0 0.643555 0.407986 0.025391 0.093750
0 0.625977 0.371528 0.025391 0.090278
0 0.337891 0.420139 0.031250 0.090278
0 0.333984 0.312500 0.027344 0.076389
