0 0.250977 0.465278 0.033203 0.118056
0 0.544922 0.357639 0.031250 0.076389
0 0.543945 0.407986 0.029297 0.059028
0 0.558594 0.487847 0.019531 0.100694
0 0.398438 0.784722 0.042969 0.194444
0 0.471680 0.664931 0.037109 0.121528
0 0.469727 0.781250 0.041016 0.173611
0 0.524414 0.814236 0.048828 0.184028
0 0.590820 0.812500 0.052734 0.187500
0 0.642578 0.765625 0.042969 0.156250
0 0.665039 0.930556 0.060547 0.131944
0 0.785156 0.843750 0.062500 0.208333
0 0.873047 0.769097 0.050781 0.190972
0 0.825195 0.703125 0.044922 0.170139
0 0.950195 0.923611 0.064453 0.145833
1 0.450195 0.465278 0.123047 0.222222
3 0.797852 0.515625 0.248047 0.302083
1 0.252930 0.887153 0.244141 0.218750
1 0.236328 0.345486 0.082031 0.093750
1 0.338867 0.328125 0.060547 0.079861
