0 0.046875 0.446181 0.046875 0.100694
1 0.465820 0.368056 0.068359 0.131944
1 0.600586 0.458333 0.138672 0.166667
1 0.893555 0.666667 0.212891 0.201389
0 0.848633 0.770833 0.130859 0.173611
0 0.345703 0.562500 0.046875 0.125000
0 0.394531 0.631944 0.035156 0.166667
0 0.476562 0.732639 0.058594 0.159722
0 0.626953 0.826389 0.050781 0.187500
0 0.624023 0.699653 0.103516 0.163194
0 0.712891 0.684028 0.097656 0.159722
0 0.585938 0.567708 0.085938 0.142361
0 0.364258 0.428819 0.037109 0.093750
0 0.316406 0.324653 0.023438 0.079861
1 0.446289 0.907986 0.212891 0.184028
