0 0.221680 0.680556 0.064453 0.173611
0 0.486328 0.875000 0.058594 0.215278
0 0.596680 0.876736 0.056641 0.211806
0 0.676758 0.718750 0.044922 0.159722
0 0.758789 0.715278 0.048828 0.159722
0 0.916992 0.842014 0.119141 0.218750
0 0.921875 0.578125 0.093750 0.156250
0 0.872070 0.446181 0.068359 0.128472
0 0.835938 0.512153 0.066406 0.142361
0 0.782227 0.531250 0.056641 0.138889
0 0.716797 0.498264 0.050781 0.121528
0 0.710938 0.595486 0.035156 0.114583
0 0.664062 0.576389 0.035156 0.125000
0 0.612305 0.571181 0.025391 0.114583
0 0.565430 0.541667 0.037109 0.076389
0 0.567383 0.642361 0.037109 0.152778
0 0.500977 0.671875 0.044922 0.170139
0 0.617188 0.713542 0.042969 0.170139
1 0.221680 0.878472 0.244141 0.236111
3 0.388672 0.578125 0.152344 0.281250
1 0.443359 0.399306 0.089844 0.104167
0 0.640625 0.465278 0.031250 0.104167
0 0.603516 0.435764 0.031250 0.065972
0 0.327148 0.402778 0.029297 0.097222
0 0.262695 0.399306 0.029297 0.097222
0 0.110352 0.420139 0.029297 0.111111
0 0.235352 0.347222 0.025391 0.083333
