0 0.487305 0.673611 0.044922 0.173611
0 0.392578 0.899306 0.074219 0.201389
0 0.668945 0.824653 0.060547 0.190972
0 0.819336 0.657986 0.103516 0.184028
0 0.622070 0.585069 0.064453 0.170139
0 0.395508 0.581597 0.044922 0.128472
0 0.148438 0.456597 0.039062 0.107639
0 0.065430 0.508681 0.048828 0.128472
0 0.198242 0.399306 0.029297 0.097222
1 0.296875 0.326389 0.046875 0.097222
0 0.343750 0.425347 0.031250 0.093750
0 0.662109 0.453125 0.054688 0.114583
0 0.729492 0.458333 0.029297 0.118056
0 0.189453 0.928819 0.085938 0.142361
0 0.423828 0.487847 0.050781 0.107639
0 0.103516 0.444444 0.050781 0.104167
