0 0.274414 0.875000 0.080078 0.215278
0 0.390625 0.857639 0.078125 0.201389
0 0.524414 0.885417 0.064453 0.215278
0 0.706055 0.732639 0.099609 0.187500
0 0.697266 0.545139 0.078125 0.138889
0 0.616211 0.565972 0.060547 0.152778
0 0.526367 0.581597 0.060547 0.142361
0 0.554688 0.512153 0.058594 0.128472
0 0.625000 0.406250 0.046875 0.097222
3 0.494141 0.371528 0.117188 0.194444
0 0.370117 0.565972 0.048828 0.111111
0 0.875000 0.847222 0.140625 0.243056
0 0.111328 0.378472 0.046875 0.076389
0 0.215820 0.309028 0.029297 0.083333
0 0.594727 0.295139 0.029297 0.062500
