0 0.794922 0.769097 0.136719 0.225694
0 0.736328 0.522569 0.050781 0.128472
0 0.686523 0.454861 0.029297 0.097222
0 0.634766 0.425347 0.027344 0.100694
0 0.525391 0.579861 0.078125 0.152778
0 0.589844 0.685764 0.085938 0.170139
0 0.471680 0.729167 0.080078 0.187500
0 0.375977 0.715278 0.060547 0.187500
0 0.398438 0.597222 0.054688 0.159722
0 0.262695 0.468750 0.037109 0.118056
0 0.315430 0.425347 0.025391 0.107639
0 0.325195 0.366319 0.029297 0.079861
1 0.095703 0.399306 0.148438 0.111111
1 0.543945 0.406250 0.076172 0.138889
1 0.392578 0.423611 0.097656 0.201389
