0 0.419922 0.814236 0.042969 0.197917
1 0.525391 0.861111 0.214844 0.277778
0 0.712891 0.684028 0.046875 0.173611
0 0.657227 0.611111 0.044922 0.159722
0 0.594727 0.597222 0.037109 0.145833
1 0.412109 0.619792 0.109375 0.190972
3 0.140625 0.789931 0.277344 0.420139
0 0.849609 0.494792 0.066406 0.135417
0 0.917969 0.611111 0.058594 0.159722
0 0.732422 0.357639 0.042969 0.076389
0 0.779297 0.401042 0.050781 0.121528
0 0.614258 0.467014 0.029297 0.107639
0 0.654297 0.451389 0.027344 0.097222
0 0.239258 0.434028 0.044922 0.097222
0 0.333008 0.456597 0.029297 0.128472
0 0.197266 0.362847 0.035156 0.114583
0 0.152344 0.409722 0.046875 0.097222
0 0.049805 0.527778 0.056641 0.111111
0 0.505859 0.375000 0.035156 0.104167
1 0.534180 0.529514 0.076172 0.170139
1 0.405273 0.340278 0.091797 0.138889
