0 0.416016 0.828125 0.070312 0.218750
0 0.533203 0.717014 0.050781 0.170139
0 0.596680 0.796875 0.041016 0.204861
0 0.587891 0.592014 0.031250 0.142361
0 0.529297 0.590278 0.046875 0.125000
0 0.523438 0.467014 0.035156 0.107639
0 0.487305 0.418403 0.025391 0.100694
0 0.556641 0.342014 0.039062 0.079861
0 0.580078 0.402778 0.046875 0.111111
0 0.651367 0.406250 0.044922 0.090278
0 0.851562 0.545139 0.078125 0.138889
0 0.815430 0.649306 0.087891 0.187500
3 0.166016 0.822917 0.328125 0.354167
3 0.158203 0.350694 0.128906 0.173611
