1 0.701172 0.505208 0.214844 0.260417
1 0.505859 0.489583 0.121094 0.138889
1 0.507812 0.369792 0.089844 0.100694
1 0.386719 0.381944 0.070312 0.118056
1 0.203125 0.407986 0.085938 0.107639
1 0.281250 0.328125 0.062500 0.079861
0 0.273438 0.463542 0.050781 0.107639
0 0.430664 0.567708 0.044922 0.135417
0 0.504883 0.592014 0.056641 0.135417
0 0.568359 0.678819 0.078125 0.156250
0 0.712891 0.654514 0.085938 0.142361
0 0.778320 0.743056 0.107422 0.187500
0 0.933594 0.602431 0.105469 0.163194
0 0.430664 0.352431 0.025391 0.079861
