0 0.583008 0.845486 0.095703 0.239583
0 0.830078 0.777778 0.132812 0.222222
0 0.850586 0.552083 0.080078 0.138889
0 0.943359 0.546875 0.085938 0.156250
0 0.634766 0.671875 0.085938 0.163194
0 0.516602 0.642361 0.064453 0.166667
0 0.450195 0.552083 0.048828 0.131944
0 0.493164 0.503472 0.048828 0.111111
0 0.654297 0.449653 0.039062 0.100694
0 0.681641 0.399306 0.035156 0.118056
0 0.634766 0.359375 0.046875 0.079861
0 0.121094 0.470486 0.046875 0.121528
0 0.212891 0.390625 0.031250 0.086806
0 0.154297 0.376736 0.035156 0.086806
0 0.369141 0.414931 0.031250 0.107639
0 0.359375 0.342014 0.027344 0.086806
0 0.058594 0.475694 0.050781 0.097222
