1 0.157227 0.467014 0.138672 0.184028
0 0.179688 0.543403 0.085938 0.121528
0 0.069336 0.423611 0.048828 0.125000
0 0.408203 0.664931 0.042969 0.170139
0 0.458984 0.774306 0.042969 0.166667
0 0.490234 0.892361 0.058594 0.194444
0 0.566406 0.873264 0.070312 0.218750
0 0.766602 0.810764 0.107422 0.218750
0 0.786133 0.730903 0.083984 0.190972
0 0.822266 0.696181 0.066406 0.184028
0 0.720703 0.579861 0.066406 0.131944
0 0.537109 0.605903 0.066406 0.149306
0 0.622070 0.545139 0.056641 0.138889
0 0.425781 0.447917 0.039062 0.104167
0 0.768555 0.470486 0.060547 0.121528
0 0.850586 0.513889 0.048828 0.097222
0 0.891602 0.607639 0.103516 0.138889
1 0.267578 0.310764 0.066406 0.093750
3 0.458008 0.274306 0.048828 0.118056
