0 0.517578 0.484375 0.042969 0.135417
0 0.619141 0.434028 0.035156 0.097222
0 0.523438 0.668403 0.058594 0.184028
0 0.458008 0.737847 0.052734 0.177083
0 0.731445 0.789931 0.056641 0.211806
0 0.384766 0.892361 0.066406 0.208333
1 0.209961 0.828125 0.251953 0.343750
3 0.455078 0.345486 0.066406 0.184028
0 0.345703 0.404514 0.035156 0.093750
0 0.382812 0.361111 0.019531 0.090278
0 0.554688 0.361111 0.027344 0.090278
0 0.595703 0.336806 0.019531 0.076389
0 0.627930 0.322917 0.025391 0.083333
3 0.536133 0.262153 0.052734 0.128472
0 0.262695 0.310764 0.017578 0.065972
0 0.060547 0.397569 0.050781 0.079861
