0 0.204102 0.578125 0.037109 0.156250
0 0.087891 0.482639 0.039062 0.111111
0 0.466797 0.592014 0.035156 0.142361
0 0.691406 0.904514 0.054688 0.190972
0 0.776367 0.765625 0.056641 0.184028
0 0.837891 0.701389 0.074219 0.187500
0 0.641602 0.699653 0.044922 0.170139
0 0.573242 0.777778 0.060547 0.187500
0 0.511719 0.625000 0.035156 0.145833
0 0.493164 0.453125 0.033203 0.093750
0 0.528320 0.531250 0.029297 0.125000
0 0.755859 0.637153 0.046875 0.128472
0 0.679688 0.638889 0.031250 0.138889
0 0.887695 0.449653 0.064453 0.107639
0 0.791016 0.435764 0.050781 0.107639
0 0.661133 0.482639 0.056641 0.111111
0 0.235352 0.494792 0.017578 0.121528
0 0.270508 0.557292 0.033203 0.128472
0 0.199219 0.368056 0.031250 0.076389
0 0.253906 0.404514 0.019531 0.093750
3 0.368164 0.482639 0.154297 0.298611
1 0.353516 0.263889 0.046875 0.076389
1 0.796875 0.560764 0.187500 0.184028
1 0.667969 0.420139 0.148438 0.159722
1 0.424805 0.309028 0.056641 0.076389
