1 0.659180 0.522569 0.080078 0.114583
1 0.820312 0.480903 0.125000 0.142361
1 0.263672 0.475694 0.070312 0.125000
1 0.591797 0.295139 0.039062 0.055556
0 0.118164 0.677083 0.033203 0.131944
0 0.029297 0.756944 0.042969 0.145833
0 0.034180 0.640625 0.041016 0.086806
0 0.054688 0.456597 0.027344 0.072917
0 0.130859 0.404514 0.015625 0.065972
0 0.074219 0.369792 0.023438 0.052083
0 0.223633 0.409722 0.017578 0.062500
0 0.265625 0.376736 0.019531 0.052083
0 0.854492 0.282986 0.021484 0.065972
0 0.893555 0.289931 0.021484 0.065972
0 0.920898 0.298611 0.021484 0.062500
