1 0.423828 0.644097 0.097656 0.239583
1 0.315430 0.586806 0.076172 0.138889
1 0.288086 0.454861 0.052734 0.090278
0 0.053711 0.602431 0.029297 0.059028
0 0.060547 0.690972 0.035156 0.118056
0 0.109375 0.541667 0.027344 0.097222
0 0.154297 0.498264 0.027344 0.079861
0 0.019531 0.447917 0.023438 0.055556
0 0.288086 0.369792 0.021484 0.059028
0 0.347656 0.347222 0.019531 0.055556
1 0.829102 0.439236 0.099609 0.121528
0 0.946289 0.296875 0.025391 0.065972
1 0.786133 0.250000 0.044922 0.048611
1 0.613281 0.262153 0.042969 0.038194
1 0.527344 0.269097 0.023438 0.038194
0 0.830078 0.256944 0.019531 0.055556
0 0.735352 0.243056 0.017578 0.048611
0 0.868164 0.260417 0.021484 0.055556
