1 0.402344 0.824653 0.128906 0.329861
2 0.255859 0.571181 0.078125 0.163194
1 0.369141 0.406250 0.054688 0.083333
0 0.047852 0.618056 0.041016 0.131944
0 0.117188 0.607639 0.046875 0.111111
0 0.201172 0.574653 0.031250 0.121528
0 0.171875 0.500000 0.031250 0.125000
0 0.222656 0.406250 0.015625 0.090278
0 0.244141 0.447917 0.027344 0.076389
0 0.050781 0.388889 0.019531 0.048611
0 0.127930 0.388889 0.025391 0.062500
1 0.573242 0.279514 0.037109 0.045139
2 0.581055 0.201389 0.037109 0.062500
0 0.962891 0.326389 0.035156 0.076389
0 0.813477 0.263889 0.029297 0.048611
0 0.942383 0.281250 0.025391 0.062500
