3 0.356445 0.350694 0.048828 0.111111
1 0.720703 0.434028 0.089844 0.118056
1 0.902344 0.486111 0.144531 0.166667
1 0.546875 0.305556 0.046875 0.055556
0 0.021484 0.475694 0.023438 0.083333
0 0.107422 0.388889 0.023438 0.062500
0 0.121094 0.345486 0.019531 0.045139
1 0.386719 0.288194 0.031250 0.041667
0 0.267578 0.314236 0.019531 0.052083
0 0.317383 0.305556 0.017578 0.048611
0 0.915039 0.312500 0.033203 0.062500
0 0.860352 0.279514 0.029297 0.059028
0 0.801758 0.241319 0.021484 0.038194
0 0.771484 0.241319 0.019531 0.052083
