0 0.030273 0.722222 0.052734 0.159722
0 0.118164 0.677083 0.044922 0.145833
0 0.132812 0.539931 0.035156 0.093750
0 0.195312 0.510417 0.023438 0.097222
0 0.260742 0.425347 0.025391 0.079861
0 0.228516 0.388889 0.019531 0.069444
0 0.094727 0.404514 0.021484 0.059028
0 0.108398 0.364583 0.021484 0.041667
2 0.153320 0.282986 0.060547 0.079861
1 0.159180 0.352431 0.037109 0.059028
0 0.678711 0.263889 0.025391 0.048611
0 0.805664 0.272569 0.021484 0.059028
0 0.872070 0.282986 0.029297 0.059028
0 0.920898 0.270833 0.033203 0.055556
1 0.603516 0.229167 0.039062 0.055556
