1 0.079102 0.864583 0.154297 0.263889
1 0.291016 0.699653 0.105469 0.184028
1 0.407227 0.758681 0.103516 0.267361
1 0.288086 0.423611 0.048828 0.090278
0 0.898438 0.428819 0.035156 0.093750
2 0.921875 0.253472 0.156250 0.111111
1 0.594727 0.295139 0.041016 0.055556
1 0.581055 0.225694 0.033203 0.055556
0 0.210938 0.404514 0.019531 0.065972
0 0.068359 0.428819 0.019531 0.059028
0 0.129883 0.375000 0.013672 0.048611
0 0.929688 0.338542 0.027344 0.072917
0 0.969727 0.322917 0.029297 0.090278
1 0.380859 0.277778 0.023438 0.041667
0 0.750977 0.253472 0.017578 0.055556
0 0.779297 0.253472 0.015625 0.041667
