0 0.409180 0.890625 0.087891 0.218750
0 0.483398 0.711806 0.052734 0.173611
0 0.601562 0.718750 0.109375 0.180556
0 0.719727 0.880208 0.119141 0.232639
0 0.778320 0.647569 0.044922 0.177083
0 0.731445 0.557292 0.037109 0.142361
0 0.652344 0.560764 0.039062 0.121528
0 0.628906 0.501736 0.027344 0.114583
0 0.650391 0.432292 0.027344 0.093750
0 0.575195 0.513889 0.037109 0.125000
0 0.504883 0.487847 0.037109 0.135417
0 0.338867 0.612847 0.048828 0.163194
0 0.093750 0.409722 0.039062 0.111111
0 0.250977 0.342014 0.029297 0.093750
0 0.362305 0.442708 0.033203 0.121528
0 0.343750 0.510417 0.027344 0.111111
0 0.398438 0.546875 0.035156 0.135417
