3 0.373047 0.434028 0.136719 0.250000
3 0.472656 0.480903 0.125000 0.246528
0 0.197266 0.673611 0.042969 0.194444
0 0.487305 0.767361 0.048828 0.187500
1 0.313477 0.828125 0.095703 0.184028
0 0.617188 0.654514 0.035156 0.156250
0 0.551758 0.642361 0.044922 0.152778
0 0.194336 0.515625 0.029297 0.128472
0 0.223633 0.560764 0.037109 0.128472
0 0.133789 0.416667 0.044922 0.104167
0 0.658203 0.621528 0.042969 0.152778
0 0.866211 0.697917 0.111328 0.166667
0 0.790039 0.560764 0.064453 0.142361
0 0.719727 0.508681 0.044922 0.135417
0 0.869141 0.550347 0.066406 0.121528
0 0.929688 0.628472 0.078125 0.152778
