1 0.794922 0.592014 0.199219 0.218750
3 0.424805 0.399306 0.119141 0.229167
1 0.428711 0.878472 0.185547 0.236111
0 0.284180 0.868056 0.076172 0.229167
0 0.278320 0.675347 0.056641 0.184028
0 0.304688 0.510417 0.031250 0.138889
0 0.382812 0.675347 0.062500 0.156250
0 0.408203 0.592014 0.042969 0.107639
0 0.708008 0.873264 0.080078 0.232639
0 0.931641 0.821181 0.136719 0.197917
0 0.759766 0.718750 0.101562 0.159722
0 0.665039 0.484375 0.044922 0.121528
0 0.610352 0.559028 0.052734 0.131944
0 0.580078 0.399306 0.027344 0.104167
0 0.037109 0.439236 0.066406 0.107639
0 0.153320 0.369792 0.041016 0.100694
0 0.317383 0.315972 0.021484 0.069444
0 0.581055 0.296875 0.017578 0.065972
