0 0.794922 0.767361 0.136719 0.222222
0 0.735352 0.519097 0.048828 0.128472
0 0.684570 0.453125 0.029297 0.093750
0 0.634766 0.423611 0.027344 0.097222
0 0.525391 0.578125 0.078125 0.156250
0 0.589844 0.685764 0.085938 0.170139
0 0.471680 0.729167 0.080078 0.187500
0 0.375977 0.715278 0.060547 0.187500
0 0.398438 0.593750 0.054688 0.159722
0 0.260742 0.467014 0.037109 0.121528
0 0.315430 0.421875 0.025391 0.107639
0 0.323242 0.362847 0.029297 0.079861
1 0.094727 0.399306 0.150391 0.111111
1 0.541992 0.404514 0.076172 0.142361
2 0.391602 0.420139 0.095703 0.201389
