0 0.708984 0.789931 0.160156 0.184028
0 0.703125 0.595486 0.085938 0.121528
0 0.466797 0.602431 0.093750 0.128472
0 0.552734 0.548611 0.074219 0.118056
1 0.574219 0.397569 0.082031 0.128472
0 0.681641 0.470486 0.070312 0.107639
0 0.450195 0.394097 0.041016 0.093750
0 0.494141 0.359375 0.027344 0.093750
0 0.371094 0.416667 0.058594 0.104167
1 0.300781 0.546875 0.199219 0.170139
0 0.315430 0.592014 0.076172 0.107639
0 0.299805 0.668403 0.103516 0.128472
0 0.165039 0.513889 0.072266 0.125000
0 0.562500 0.307292 0.027344 0.059028
0 0.770508 0.519097 0.072266 0.114583
0 0.841797 0.567708 0.093750 0.114583
