0 0.572266 0.881944 0.082031 0.215278
0 0.651367 0.697917 0.060547 0.159722
0 0.524414 0.574653 0.041016 0.135417
0 0.435547 0.517361 0.031250 0.118056
0 0.121094 0.531250 0.050781 0.125000
0 0.180664 0.434028 0.037109 0.097222
0 0.294922 0.394097 0.027344 0.100694
0 0.333008 0.368056 0.025391 0.083333
0 0.626953 0.482639 0.050781 0.118056
0 0.661133 0.435764 0.048828 0.093750
0 0.826172 0.407986 0.039062 0.100694
0 0.515625 0.461806 0.031250 0.104167
0 0.516602 0.381944 0.037109 0.090278
0 0.447266 0.442708 0.054688 0.107639
1 0.497070 0.295139 0.083984 0.083333
