0 0.478516 0.671875 0.093750 0.142361
0 0.603516 0.843750 0.113281 0.187500
0 0.907227 0.807292 0.123047 0.204861
0 0.837891 0.531250 0.089844 0.138889
0 0.710938 0.482639 0.078125 0.125000
0 0.281250 0.828125 0.109375 0.156250
0 0.335938 0.633681 0.078125 0.135417
0 0.167969 0.626736 0.093750 0.121528
0 0.091797 0.685764 0.125000 0.128472
0 0.190430 0.539931 0.083984 0.093750
0 0.454102 0.836806 0.138672 0.166667
2 0.481445 0.513889 0.326172 0.250000
3 0.110352 0.456597 0.216797 0.225694
2 0.334961 0.223958 0.068359 0.135417
