0 0.250977 0.644097 0.052734 0.149306
0 0.061523 0.503472 0.060547 0.125000
0 0.642578 0.791667 0.109375 0.215278
0 0.762695 0.762153 0.119141 0.204861
0 0.636719 0.637153 0.089844 0.163194
0 0.857422 0.934028 0.125000 0.131944
0 0.372070 0.402778 0.033203 0.097222
0 0.422852 0.423611 0.029297 0.111111
0 0.192383 0.338542 0.037109 0.072917
0 0.657227 0.371528 0.037109 0.076389
0 0.587891 0.359375 0.031250 0.065972
0 0.536133 0.357639 0.029297 0.076389
0 0.470703 0.375000 0.027344 0.104167
0 0.431641 0.329861 0.027344 0.090278
0 0.497070 0.437500 0.037109 0.062500
0 0.511719 0.541667 0.109375 0.152778
