0 0.373047 0.812500 0.089844 0.236111
0 0.731445 0.765625 0.123047 0.204861
0 0.864258 0.618056 0.099609 0.138889
0 0.729492 0.559028 0.087891 0.131944
0 0.397461 0.592014 0.048828 0.156250
0 0.398438 0.368056 0.031250 0.090278
0 0.449219 0.343750 0.039062 0.090278
0 0.321289 0.399306 0.048828 0.097222
0 0.615234 0.576389 0.082031 0.138889
0 0.473633 0.640625 0.068359 0.142361
0 0.534180 0.526042 0.060547 0.121528
0 0.673828 0.470486 0.078125 0.093750
1 0.590820 0.291667 0.056641 0.083333
3 0.507812 0.276042 0.062500 0.142361
0 0.942383 0.560764 0.080078 0.128472
