0 0.250977 0.465278 0.033203 0.118056
0 0.544922 0.357639 0.031250 0.076389
0 0.541992 0.406250 0.029297 0.062500
0 0.558594 0.486111 0.019531 0.097222
0 0.398438 0.782986 0.042969 0.190972
0 0.471680 0.664931 0.037109 0.121528
0 0.469727 0.779514 0.041016 0.170139
0 0.523438 0.812500 0.046875 0.187500
0 0.588867 0.812500 0.052734 0.187500
0 0.641602 0.765625 0.044922 0.156250
0 0.664062 0.930556 0.062500 0.131944
0 0.783203 0.842014 0.062500 0.204861
0 0.873047 0.765625 0.050781 0.190972
0 0.823242 0.701389 0.044922 0.173611
0 0.948242 0.921875 0.064453 0.142361
2 0.448242 0.465278 0.123047 0.222222
3 0.797852 0.513889 0.248047 0.298611
1 0.252930 0.887153 0.244141 0.218750
1 0.235352 0.342014 0.080078 0.093750
1 0.336914 0.326389 0.060547 0.076389
