0 0.419922 0.812500 0.042969 0.201389
1 0.525391 0.859375 0.214844 0.281250
0 0.712891 0.684028 0.046875 0.173611
0 0.657227 0.609375 0.044922 0.156250
0 0.594727 0.593750 0.037109 0.145833
1 0.410156 0.619792 0.109375 0.190972
3 0.140625 0.789931 0.277344 0.420139
0 0.847656 0.494792 0.066406 0.135417
0 0.917969 0.609375 0.058594 0.156250
0 0.732422 0.357639 0.042969 0.076389
0 0.779297 0.401042 0.050781 0.121528
0 0.614258 0.467014 0.029297 0.107639
0 0.654297 0.451389 0.027344 0.097222
0 0.239258 0.434028 0.044922 0.097222
0 0.333008 0.453125 0.029297 0.128472
0 0.197266 0.359375 0.035156 0.114583
0 0.152344 0.406250 0.046875 0.097222
0 0.049805 0.527778 0.056641 0.111111
0 0.503906 0.373264 0.035156 0.107639
1 0.534180 0.529514 0.076172 0.170139
2 0.403320 0.340278 0.091797 0.138889
