2 0.701172 0.501736 0.214844 0.260417
1 0.503906 0.486111 0.121094 0.138889
1 0.505859 0.369792 0.089844 0.100694
1 0.386719 0.378472 0.070312 0.118056
1 0.202148 0.404514 0.087891 0.107639
1 0.281250 0.326389 0.062500 0.076389
0 0.273438 0.463542 0.050781 0.107639
0 0.429688 0.564236 0.046875 0.135417
0 0.504883 0.590278 0.056641 0.138889
0 0.566406 0.675347 0.078125 0.156250
0 0.712891 0.654514 0.085938 0.142361
0 0.776367 0.743056 0.107422 0.187500
0 0.933594 0.602431 0.105469 0.163194
0 0.429688 0.352431 0.027344 0.079861
