0 0.285156 0.727431 0.066406 0.177083
0 0.297852 0.496528 0.037109 0.118056
0 0.368164 0.439236 0.033203 0.093750
0 0.083984 0.458333 0.054688 0.111111
0 0.338867 0.921875 0.083984 0.156250
0 0.458984 0.906250 0.066406 0.180556
0 0.598633 0.769097 0.048828 0.190972
0 0.834961 0.847222 0.154297 0.215278
0 0.892578 0.491319 0.082031 0.142361
0 0.761719 0.647569 0.027344 0.156250
0 0.708008 0.614583 0.029297 0.138889
0 0.579102 0.465278 0.033203 0.104167
1 0.736328 0.527778 0.164062 0.173611
1 0.428711 0.473958 0.091797 0.135417
0 0.531250 0.828125 0.039062 0.190972
0 0.444336 0.652778 0.037109 0.166667
0 0.389648 0.689236 0.048828 0.184028
0 0.520508 0.517361 0.033203 0.111111
