0 0.312500 0.611111 0.046875 0.159722
0 0.603516 0.795139 0.050781 0.201389
0 0.822266 0.682292 0.050781 0.170139
0 0.804688 0.545139 0.039062 0.125000
0 0.753906 0.532986 0.042969 0.128472
0 0.673828 0.576389 0.050781 0.138889
0 0.622070 0.539931 0.033203 0.107639
0 0.587891 0.576389 0.042969 0.125000
0 0.654297 0.480903 0.027344 0.114583
0 0.695312 0.388889 0.031250 0.111111
0 0.480469 0.493056 0.046875 0.104167
0 0.433594 0.465278 0.027344 0.097222
0 0.357422 0.324653 0.027344 0.079861
1 0.393555 0.449653 0.068359 0.135417
1 0.480469 0.638889 0.109375 0.201389
3 0.165039 0.368056 0.080078 0.159722
3 0.235352 0.296875 0.060547 0.093750
