0 0.581055 0.842014 0.095703 0.225694
0 0.829102 0.772569 0.119141 0.225694
0 0.852539 0.545139 0.072266 0.125000
0 0.944336 0.548611 0.087891 0.180556
0 0.774414 0.545139 0.068359 0.125000
0 0.630859 0.666667 0.074219 0.166667
0 0.514648 0.638889 0.060547 0.166667
0 0.452148 0.557292 0.052734 0.135417
0 0.421875 0.432292 0.027344 0.107639
0 0.367188 0.420139 0.023438 0.104167
0 0.209961 0.399306 0.041016 0.097222
0 0.121094 0.465278 0.042969 0.118056
0 0.053711 0.468750 0.048828 0.097222
0 0.154297 0.376736 0.031250 0.086806
0 0.527344 0.420139 0.031250 0.118056
0 0.637695 0.357639 0.041016 0.076389
0 0.681641 0.385417 0.035156 0.118056
0 0.668945 0.454861 0.052734 0.104167
