0 0.215820 0.684028 0.072266 0.166667
0 0.489258 0.890625 0.076172 0.190972
0 0.591797 0.873264 0.058594 0.218750
0 0.917969 0.847222 0.117188 0.208333
0 0.761719 0.713542 0.062500 0.177083
0 0.676758 0.715278 0.060547 0.159722
0 0.617188 0.699653 0.042969 0.170139
0 0.568359 0.654514 0.039062 0.142361
0 0.504883 0.671875 0.044922 0.156250
3 0.386719 0.579861 0.152344 0.284722
1 0.226562 0.876736 0.265625 0.246528
0 0.782227 0.534722 0.068359 0.131944
0 0.835938 0.512153 0.066406 0.142361
0 0.872070 0.449653 0.068359 0.128472
0 0.918945 0.578125 0.091797 0.156250
0 0.708984 0.602431 0.042969 0.128472
0 0.659180 0.578125 0.041016 0.128472
0 0.614258 0.565972 0.041016 0.138889
0 0.559570 0.539931 0.037109 0.107639
0 0.635742 0.463542 0.041016 0.107639
0 0.601562 0.434028 0.031250 0.097222
0 0.550781 0.453125 0.039062 0.093750
0 0.513672 0.477431 0.035156 0.100694
0 0.110352 0.420139 0.041016 0.097222
0 0.263672 0.399306 0.031250 0.104167
0 0.329102 0.402778 0.029297 0.097222
0 0.306641 0.352431 0.027344 0.079861
0 0.235352 0.343750 0.029297 0.090278
0 0.210938 0.321181 0.027344 0.079861
0 0.027344 0.534722 0.050781 0.131944
0 0.275391 0.289931 0.027344 0.079861
0 0.340820 0.324653 0.025391 0.065972
0 0.443359 0.310764 0.027344 0.065972
1 0.443359 0.401042 0.085938 0.114583
