0 0.742188 0.715278 0.105469 0.277778
3 0.449219 0.510417 0.132812 0.291667
1 0.500977 0.371528 0.064453 0.104167
1 0.309570 0.831597 0.244141 0.329861
0 0.558594 0.904514 0.082031 0.190972
0 0.568359 0.619792 0.050781 0.163194
0 0.666016 0.515625 0.035156 0.135417
0 0.731445 0.446181 0.037109 0.121528
0 0.137695 0.597222 0.052734 0.159722
0 0.223633 0.586806 0.048828 0.138889
0 0.214844 0.373264 0.035156 0.093750
0 0.272461 0.343750 0.029297 0.076389
0 0.363281 0.477431 0.035156 0.128472
0 0.320312 0.534722 0.035156 0.145833
0 0.298828 0.625000 0.035156 0.138889
0 0.166016 0.828125 0.054688 0.218750
