0 0.717773 0.602431 0.048828 0.142361
0 0.617188 0.671875 0.035156 0.170139
0 0.669922 0.901042 0.050781 0.197917
0 0.386719 0.751736 0.050781 0.190972
0 0.313477 0.713542 0.056641 0.177083
0 0.286133 0.611111 0.033203 0.145833
0 0.309570 0.513889 0.029297 0.138889
0 0.492188 0.736111 0.042969 0.194444
0 0.443359 0.656250 0.042969 0.166667
0 0.390625 0.623264 0.046875 0.128472
0 0.419922 0.500000 0.031250 0.125000
0 0.507812 0.597222 0.042969 0.125000
0 0.558594 0.590278 0.046875 0.152778
0 0.610352 0.539931 0.037109 0.128472
0 0.639648 0.486111 0.033203 0.118056
0 0.761719 0.465278 0.039062 0.097222
0 0.599609 0.409722 0.027344 0.097222
0 0.577148 0.434028 0.025391 0.104167
0 0.552734 0.467014 0.027344 0.093750
1 0.880859 0.586806 0.234375 0.250000
3 0.438477 0.387153 0.076172 0.156250
