1 0.685547 0.762153 0.187500 0.232639
1 0.414062 0.458333 0.074219 0.090278
1 0.241211 0.394097 0.052734 0.093750
1 0.313477 0.319444 0.048828 0.048611
1 0.266602 0.260417 0.029297 0.034722
1 0.173828 0.206597 0.023438 0.031250
1 0.240234 0.225694 0.027344 0.027778
1 0.213867 0.192708 0.017578 0.024306
0 0.933594 0.847222 0.082031 0.180556
0 0.841797 0.836806 0.078125 0.159722
0 0.736328 0.637153 0.050781 0.107639
0 0.657227 0.590278 0.037109 0.097222
0 0.572266 0.501736 0.027344 0.086806
0 0.484375 0.406250 0.019531 0.062500
0 0.397461 0.315972 0.013672 0.041667
0 0.173828 0.543403 0.019531 0.093750
0 0.185547 0.769097 0.035156 0.163194
0 0.197266 0.343750 0.011719 0.055556
0 0.166016 0.350694 0.011719 0.048611
0 0.117188 0.331597 0.011719 0.052083
0 0.149414 0.328125 0.013672 0.045139
0 0.175781 0.303819 0.011719 0.038194
0 0.120117 0.265625 0.009766 0.045139
0 0.333008 0.274306 0.009766 0.034722
0 0.295898 0.250000 0.009766 0.027778
2 0.132812 0.125000 0.015625 0.034722
