0 0.626953 0.526042 0.027344 0.093750
0 0.268555 0.789931 0.029297 0.163194
0 0.111328 0.805556 0.035156 0.166667
0 0.245117 0.595486 0.025391 0.100694
0 0.186523 0.572917 0.025391 0.118056
0 0.130859 0.449653 0.019531 0.079861
0 0.231445 0.451389 0.017578 0.069444
0 0.199219 0.454861 0.015625 0.062500
0 0.182617 0.479167 0.017578 0.062500
0 0.179688 0.371528 0.015625 0.055556
0 0.118164 0.343750 0.013672 0.062500
0 0.214844 0.295139 0.027344 0.062500
0 0.182617 0.293403 0.013672 0.038194
0 0.501953 0.428819 0.019531 0.079861
0 0.873047 0.845486 0.093750 0.163194
0 0.548828 0.439236 0.023438 0.072917
0 0.445312 0.361111 0.015625 0.048611
0 0.641602 0.355903 0.017578 0.065972
1 0.310547 0.215278 0.050781 0.034722
1 0.342773 0.362847 0.052734 0.072917
1 0.390625 0.437500 0.058594 0.076389
1 0.177734 0.210069 0.019531 0.031250
