1 0.251953 0.409722 0.066406 0.125000
1 0.427734 0.869792 0.167969 0.260417
0 0.651367 0.609375 0.048828 0.142361
0 0.479492 0.434028 0.025391 0.097222
0 0.528320 0.432292 0.029297 0.100694
0 0.355469 0.291667 0.019531 0.048611
0 0.308594 0.329861 0.027344 0.062500
0 0.178711 0.477431 0.029297 0.086806
0 0.140625 0.489583 0.027344 0.104167
0 0.182617 0.390625 0.025391 0.065972
0 0.115234 0.309028 0.015625 0.055556
0 0.240234 0.927083 0.050781 0.145833
0 0.162109 0.243056 0.011719 0.048611
0 0.111328 0.227431 0.011719 0.031250
