0 0.810547 0.678819 0.054688 0.128472
0 0.293945 0.906250 0.044922 0.180556
0 0.192383 0.944444 0.041016 0.111111
0 0.110352 0.567708 0.025391 0.107639
0 0.558594 0.576389 0.031250 0.104167
0 0.455078 0.385417 0.019531 0.062500
0 0.149414 0.376736 0.017578 0.052083
0 0.119141 0.321181 0.011719 0.052083
0 0.357422 0.253472 0.011719 0.034722
0 0.341797 0.286458 0.011719 0.038194
0 0.363281 0.211806 0.015625 0.027778
0 0.125977 0.279514 0.013672 0.038194
0 0.111328 0.260417 0.007812 0.034722
1 0.198242 0.312500 0.037109 0.055556
1 0.193359 0.243056 0.019531 0.034722
1 0.286133 0.270833 0.037109 0.041667
1 0.330078 0.342014 0.054688 0.059028
1 0.142578 0.225694 0.023438 0.027778
1 0.237305 0.223958 0.021484 0.031250
1 0.223633 0.201389 0.021484 0.020833
3 0.179688 0.194444 0.023438 0.055556
