0 0.726562 0.564236 0.039062 0.114583
0 0.664062 0.565972 0.031250 0.111111
0 0.614258 0.569444 0.025391 0.097222
0 0.213867 0.623264 0.025391 0.114583
0 0.142578 0.637153 0.027344 0.121528
0 0.131836 0.465278 0.017578 0.083333
0 0.153320 0.539931 0.025391 0.079861
0 0.149414 0.395833 0.017578 0.062500
0 0.197266 0.388889 0.015625 0.055556
0 0.226562 0.381944 0.011719 0.055556
0 0.123047 0.383681 0.015625 0.059028
0 0.246094 0.343750 0.011719 0.048611
0 0.260742 0.291667 0.009766 0.034722
0 0.532227 0.475694 0.017578 0.083333
0 0.572266 0.491319 0.023438 0.072917
0 0.508789 0.376736 0.013672 0.065972
0 0.526367 0.402778 0.013672 0.048611
0 0.475586 0.355903 0.017578 0.052083
0 0.447266 0.345486 0.011719 0.052083
1 0.509766 0.592014 0.125000 0.142361
1 0.460938 0.414931 0.074219 0.065972
1 0.420898 0.473958 0.080078 0.086806
1 0.373047 0.395833 0.054688 0.069444
1 0.332031 0.348958 0.039062 0.052083
1 0.337891 0.239583 0.066406 0.055556
1 0.264648 0.418403 0.052734 0.079861
1 0.203125 0.324653 0.039062 0.059028
