3 0.824219 0.845486 0.351562 0.309028
1 0.515625 0.600694 0.121094 0.138889
1 0.404297 0.444444 0.070312 0.090278
1 0.339844 0.359375 0.054688 0.059028
1 0.149414 0.256944 0.033203 0.048611
1 0.196289 0.246528 0.029297 0.034722
1 0.280273 0.276042 0.033203 0.045139
0 0.019531 0.920139 0.035156 0.159722
0 0.524414 0.432292 0.025391 0.065972
0 0.458008 0.347222 0.017578 0.048611
0 0.403320 0.293403 0.013672 0.045139
0 0.373047 0.310764 0.015625 0.045139
0 0.106445 0.250000 0.009766 0.041667
0 0.357422 0.250000 0.011719 0.027778
0 0.237305 0.227431 0.005859 0.024306
