0 0.219727 0.725694 0.033203 0.145833
0 0.256836 0.604167 0.025391 0.111111
0 0.170898 0.446181 0.017578 0.072917
0 0.079102 0.611111 0.064453 0.118056
0 0.653320 0.414931 0.025391 0.072917
0 0.533203 0.418403 0.023438 0.086806
0 0.500000 0.364583 0.019531 0.062500
0 0.475586 0.439236 0.021484 0.079861
0 0.466797 0.340278 0.015625 0.048611
0 0.167969 0.355903 0.015625 0.052083
0 0.133789 0.368056 0.013672 0.048611
0 0.214844 0.284722 0.011719 0.041667
0 0.145508 0.309028 0.009766 0.062500
0 0.115234 0.305556 0.011719 0.041667
1 0.295898 0.305556 0.041016 0.041667
1 0.332031 0.352431 0.050781 0.059028
1 0.394531 0.444444 0.070312 0.083333
1 0.578125 0.701389 0.156250 0.180556
1 0.464844 0.541667 0.105469 0.118056
3 0.815430 0.871528 0.357422 0.256944
