2 0.172852 0.529514 0.130859 0.302083
0 0.626953 0.668403 0.050781 0.135417
0 0.250000 0.881944 0.046875 0.194444
0 0.408203 0.937500 0.062500 0.125000
0 0.303711 0.583333 0.033203 0.125000
0 0.271484 0.477431 0.031250 0.100694
0 0.500000 0.489583 0.035156 0.090278
0 0.430664 0.470486 0.029297 0.093750
0 0.456055 0.414931 0.025391 0.079861
0 0.565430 0.500000 0.033203 0.097222
0 0.509766 0.390625 0.023438 0.072917
0 0.552734 0.435764 0.023438 0.065972
0 0.408203 0.416667 0.023438 0.069444
0 0.399414 0.331597 0.021484 0.059028
0 0.355469 0.357639 0.023438 0.062500
0 0.226562 0.354167 0.015625 0.062500
0 0.204102 0.364583 0.017578 0.055556
0 0.166992 0.331597 0.017578 0.059028
1 0.301758 0.321181 0.037109 0.059028
1 0.230469 0.204861 0.023438 0.034722
1 0.212891 0.180556 0.019531 0.027778
0 0.159180 0.256944 0.013672 0.041667
