1 0.177734 0.201389 0.027344 0.041667
1 0.408203 0.227431 0.046875 0.038194
2 0.119141 0.201389 0.035156 0.062500
0 0.524414 0.486111 0.033203 0.097222
0 0.189453 0.843750 0.046875 0.187500
0 0.109375 0.586806 0.031250 0.131944
0 0.200195 0.583333 0.033203 0.125000
0 0.208984 0.381944 0.015625 0.069444
0 0.400391 0.352431 0.019531 0.065972
0 0.242188 0.281250 0.015625 0.048611
0 0.120117 0.272569 0.013672 0.045139
0 0.282227 0.255208 0.021484 0.052083
0 0.424805 0.302083 0.013672 0.055556
0 0.359375 0.340278 0.019531 0.069444
0 0.370117 0.309028 0.017578 0.041667
0 0.390625 0.303819 0.015625 0.045139
3 0.319336 0.321181 0.060547 0.107639
