1 0.498047 0.597222 0.109375 0.138889
1 0.279297 0.465278 0.070312 0.118056
1 0.373047 0.392361 0.070312 0.097222
1 0.216797 0.324653 0.054688 0.086806
1 0.189453 0.262153 0.039062 0.059028
1 0.173828 0.222222 0.023438 0.041667
1 0.157227 0.177083 0.021484 0.041667
3 0.294922 0.279514 0.054688 0.100694
3 0.232422 0.199653 0.035156 0.079861
0 0.812500 0.703125 0.066406 0.142361
0 0.626953 0.598958 0.046875 0.121528
0 0.517578 0.444444 0.031250 0.090278
0 0.465820 0.381944 0.025391 0.076389
0 0.435547 0.390625 0.019531 0.072917
0 0.439453 0.321181 0.019531 0.052083
0 0.342773 0.255208 0.013672 0.045139
0 0.122070 0.315972 0.013672 0.048611
0 0.135742 0.298611 0.017578 0.048611
