0 0.143555 0.791667 0.033203 0.138889
0 0.577148 0.444444 0.025391 0.076389
0 0.524414 0.432292 0.017578 0.072917
0 0.890625 0.838542 0.078125 0.163194
0 0.424805 0.333333 0.013672 0.048611
0 0.375000 0.343750 0.015625 0.041667
0 0.132812 0.293403 0.011719 0.038194
0 0.121094 0.241319 0.007812 0.031250
1 0.443359 0.482639 0.070312 0.097222
1 0.336914 0.359375 0.052734 0.065972
1 0.281250 0.296875 0.039062 0.045139
1 0.171875 0.210069 0.019531 0.038194
3 0.217773 0.189236 0.025391 0.045139
0 0.375977 0.265625 0.017578 0.031250
0 0.392578 0.324653 0.015625 0.038194
