2 0.378906 0.361111 0.125000 0.187500
1 0.532227 0.588542 0.123047 0.149306
1 0.227539 0.300347 0.041016 0.059028
1 0.355469 0.234375 0.058594 0.038194
1 0.172852 0.206597 0.021484 0.038194
0 0.232422 0.708333 0.039062 0.145833
0 0.141602 0.717014 0.033203 0.149306
0 0.151367 0.571181 0.021484 0.114583
0 0.705078 0.682292 0.050781 0.128472
0 0.653320 0.555556 0.033203 0.104167
0 0.596680 0.527778 0.025391 0.097222
0 0.462891 0.413194 0.019531 0.062500
0 0.509766 0.461806 0.023438 0.069444
0 0.125977 0.303819 0.009766 0.045139
0 0.168945 0.381944 0.013672 0.055556
0 0.155273 0.345486 0.009766 0.045139
3 0.237305 0.387153 0.048828 0.086806
