0 0.900391 0.871528 0.101562 0.201389
0 0.668945 0.633681 0.052734 0.135417
0 0.616211 0.496528 0.041016 0.104167
0 0.287109 0.845486 0.058594 0.177083
0 0.078125 0.611111 0.074219 0.125000
0 0.203125 0.512153 0.027344 0.100694
0 0.224609 0.470486 0.027344 0.100694
0 0.119141 0.409722 0.031250 0.083333
0 0.159180 0.368056 0.025391 0.062500
0 0.215820 0.322917 0.021484 0.062500
0 0.163086 0.315972 0.017578 0.048611
0 0.521484 0.385417 0.023438 0.069444
0 0.475586 0.385417 0.025391 0.069444
0 0.420898 0.328125 0.017578 0.052083
0 0.368164 0.326389 0.017578 0.055556
0 0.384766 0.305556 0.011719 0.041667
0 0.352539 0.256944 0.013672 0.041667
0 0.324219 0.265625 0.011719 0.038194
0 0.129883 0.276042 0.009766 0.045139
0 0.106445 0.272569 0.013672 0.038194
2 0.257812 0.178819 0.031250 0.059028
1 0.214844 0.182292 0.015625 0.024306
1 0.235352 0.201389 0.021484 0.027778
1 0.246094 0.227431 0.019531 0.038194
3 0.265625 0.262153 0.031250 0.059028
