0 0.654297 0.612847 0.039062 0.107639
0 0.665039 0.520833 0.029297 0.083333
0 0.493164 0.368056 0.021484 0.062500
0 0.428711 0.335069 0.013672 0.045139
0 0.375000 0.430556 0.019531 0.062500
0 0.194336 0.432292 0.021484 0.072917
0 0.155273 0.404514 0.017578 0.065972
0 0.143555 0.493056 0.021484 0.083333
0 0.166992 0.300347 0.009766 0.038194
0 0.210938 0.281250 0.011719 0.041667
0 0.241211 0.282986 0.009766 0.045139
0 0.299805 0.326389 0.013672 0.048611
0 0.323242 0.312500 0.013672 0.048611
0 0.345703 0.310764 0.011719 0.045139
0 0.361328 0.305556 0.011719 0.041667
0 0.061523 0.670139 0.033203 0.083333
1 0.169922 0.190972 0.019531 0.027778
