0 0.900391 0.930556 0.085938 0.138889
0 0.358398 0.880208 0.041016 0.190972
0 0.239258 0.883681 0.044922 0.190972
0 0.242188 0.708333 0.035156 0.138889
0 0.166016 0.638889 0.031250 0.111111
0 0.104492 0.753472 0.041016 0.166667
0 0.191406 0.425347 0.015625 0.072917
0 0.155273 0.451389 0.017578 0.083333
0 0.125000 0.421875 0.015625 0.079861
0 0.103516 0.404514 0.015625 0.065972
0 0.963867 0.901042 0.072266 0.170139
0 0.686523 0.635417 0.044922 0.118056
0 0.631836 0.477431 0.017578 0.086806
0 0.509766 0.392361 0.019531 0.062500
0 0.548828 0.395833 0.019531 0.062500
0 0.438477 0.328125 0.013672 0.045139
0 0.436523 0.392361 0.017578 0.048611
0 0.624023 0.616319 0.033203 0.107639
0 0.234375 0.295139 0.011719 0.041667
0 0.218750 0.335069 0.011719 0.045139
0 0.100586 0.319444 0.009766 0.041667
0 0.128906 0.319444 0.011719 0.041667
0 0.168945 0.307292 0.013672 0.045139
0 0.175781 0.375000 0.011719 0.034722
0 0.285156 0.307292 0.007812 0.038194
0 0.333008 0.300347 0.009766 0.031250
1 0.463867 0.532986 0.087891 0.100694
1 0.272461 0.465278 0.068359 0.125000
1 0.563477 0.661458 0.119141 0.142361
1 0.382812 0.425347 0.062500 0.086806
1 0.339844 0.364583 0.054688 0.069444
2 0.265625 0.194444 0.085938 0.062500
0 0.640625 0.355903 0.011719 0.059028
