1 0.268555 0.479167 0.080078 0.138889
1 0.246094 0.296875 0.050781 0.059028
1 0.241211 0.392361 0.056641 0.076389
1 0.382812 0.430556 0.078125 0.097222
1 0.345703 0.376736 0.050781 0.065972
2 0.515625 0.595486 0.152344 0.253472
0 0.829102 0.689236 0.064453 0.135417
0 0.611328 0.538194 0.035156 0.118056
0 0.512695 0.421875 0.025391 0.072917
0 0.122070 0.748264 0.044922 0.163194
0 0.163086 0.545139 0.029297 0.104167
0 0.173828 0.467014 0.023438 0.086806
0 0.126953 0.387153 0.023438 0.065972
0 0.152344 0.368056 0.019531 0.055556
0 0.110352 0.319444 0.017578 0.055556
0 0.139648 0.317708 0.017578 0.045139
0 0.178711 0.284722 0.013672 0.048611
0 0.195312 0.305556 0.015625 0.041667
0 0.333984 0.250000 0.023438 0.034722
0 0.281250 0.260417 0.023438 0.034722
