0 0.895508 0.880208 0.099609 0.184028
0 0.709961 0.687500 0.064453 0.145833
0 0.594727 0.541667 0.037109 0.097222
0 0.531250 0.527778 0.035156 0.111111
0 0.165039 0.562500 0.029297 0.111111
0 0.168945 0.416667 0.025391 0.069444
0 0.226562 0.324653 0.015625 0.052083
0 0.144531 0.354167 0.019531 0.062500
0 0.132812 0.486111 0.019531 0.083333
0 0.130859 0.289931 0.015625 0.045139
0 0.405273 0.378472 0.017578 0.062500
0 0.413086 0.340278 0.017578 0.048611
0 0.385742 0.302083 0.013672 0.048611
0 0.365234 0.310764 0.011719 0.052083
0 0.340820 0.324653 0.013672 0.045139
0 0.324219 0.314236 0.011719 0.052083
1 0.169922 0.210069 0.023438 0.038194
0 0.112305 0.277778 0.009766 0.041667
3 0.255859 0.232639 0.070312 0.055556
0 0.554688 0.397569 0.019531 0.079861
