0 0.862305 0.732639 0.072266 0.166667
0 0.634766 0.489583 0.035156 0.097222
0 0.516602 0.468750 0.033203 0.090278
0 0.348633 0.694444 0.044922 0.138889
0 0.292969 0.765625 0.039062 0.156250
0 0.333984 0.895833 0.054688 0.208333
0 0.273438 0.932292 0.046875 0.135417
0 0.026367 0.909722 0.048828 0.180556
0 0.141602 0.638889 0.033203 0.138889
0 0.230469 0.623264 0.031250 0.128472
0 0.143555 0.513889 0.029297 0.097222
0 0.176758 0.496528 0.025391 0.111111
0 0.239258 0.430556 0.021484 0.083333
0 0.400391 0.357639 0.019531 0.062500
0 0.509766 0.375000 0.019531 0.055556
0 0.443359 0.373264 0.023438 0.072917
0 0.104492 0.409722 0.017578 0.076389
0 0.189453 0.387153 0.015625 0.059028
0 0.200195 0.454861 0.021484 0.076389
0 0.146484 0.402778 0.019531 0.069444
0 0.120117 0.378472 0.017578 0.048611
0 0.094727 0.324653 0.009766 0.045139
0 0.128906 0.310764 0.015625 0.052083
0 0.171875 0.300347 0.011719 0.045139
0 0.174805 0.343750 0.009766 0.055556
0 0.246094 0.361111 0.019531 0.055556
1 0.411133 0.449653 0.068359 0.086806
1 0.357422 0.376736 0.062500 0.079861
1 0.305664 0.328125 0.044922 0.059028
2 0.309570 0.260417 0.048828 0.076389
1 0.143555 0.199653 0.017578 0.038194
1 0.173828 0.203125 0.019531 0.031250
1 0.402344 0.230903 0.054688 0.038194
