1 0.695312 0.848958 0.234375 0.281250
1 0.524414 0.616319 0.111328 0.135417
1 0.414062 0.470486 0.074219 0.093750
1 0.339844 0.378472 0.054688 0.062500
1 0.284180 0.296875 0.041016 0.052083
1 0.180664 0.203125 0.025391 0.031250
0 0.903320 0.885417 0.072266 0.111111
0 0.756836 0.631944 0.041016 0.104167
0 0.698242 0.659722 0.048828 0.125000
0 0.615234 0.597222 0.031250 0.104167
0 0.559570 0.482639 0.017578 0.083333
0 0.166016 0.531250 0.027344 0.104167
0 0.062500 0.553819 0.019531 0.100694
0 0.136719 0.428819 0.023438 0.072917
0 0.119141 0.307292 0.011719 0.045139
0 0.500977 0.496528 0.029297 0.076389
0 0.414062 0.383681 0.019531 0.065972
0 0.383789 0.366319 0.017578 0.059028
0 0.537109 0.434028 0.023438 0.069444
0 0.472656 0.404514 0.019531 0.059028
