0 0.686523 0.572917 0.044922 0.097222
0 0.543945 0.477431 0.021484 0.072917
0 0.513672 0.411458 0.015625 0.065972
0 0.210938 0.755208 0.035156 0.142361
0 0.157227 0.857639 0.037109 0.173611
0 0.130859 0.458333 0.019531 0.083333
0 0.346680 0.250000 0.017578 0.027778
0 0.419922 0.383681 0.015625 0.052083
0 0.291016 0.312500 0.007812 0.048611
0 0.134766 0.340278 0.011719 0.048611
0 0.120117 0.383681 0.013672 0.052083
0 0.156250 0.269097 0.011719 0.038194
0 0.221680 0.277778 0.009766 0.034722
0 0.106445 0.340278 0.009766 0.048611
0 0.125977 0.217014 0.009766 0.024306
1 0.683594 0.869792 0.187500 0.232639
1 0.429688 0.493056 0.078125 0.097222
1 0.355469 0.387153 0.058594 0.072917
1 0.260742 0.432292 0.048828 0.086806
1 0.225586 0.326389 0.037109 0.055556
3 0.322266 0.574653 0.113281 0.267361
