3 0.318359 0.321181 0.050781 0.100694
2 0.118164 0.201389 0.029297 0.069444
3 0.190430 0.145833 0.017578 0.041667
1 0.383789 0.810764 0.130859 0.274306
1 0.179688 0.197917 0.019531 0.034722
0 0.512695 0.506944 0.025391 0.090278
0 0.450195 0.402778 0.017578 0.069444
0 0.469727 0.375000 0.013672 0.062500
0 0.449219 0.328125 0.015625 0.052083
0 0.426758 0.336806 0.013672 0.048611
0 0.281250 0.592014 0.027344 0.114583
0 0.212891 0.685764 0.031250 0.114583
0 0.179688 0.932292 0.042969 0.135417
0 0.132812 0.741319 0.031250 0.142361
0 0.122070 0.531250 0.025391 0.104167
0 0.157227 0.390625 0.013672 0.072917
0 0.129883 0.456597 0.021484 0.059028
0 0.226562 0.569444 0.019531 0.097222
0 0.209961 0.295139 0.013672 0.048611
0 0.134766 0.328125 0.011719 0.045139
0 0.167969 0.269097 0.011719 0.045139
0 0.146484 0.300347 0.011719 0.038194
0 0.268555 0.284722 0.017578 0.034722
0 0.215820 0.484375 0.021484 0.065972
