0 0.180664 0.600694 0.029297 0.118056
0 0.061523 0.625000 0.056641 0.125000
0 0.532227 0.666667 0.048828 0.131944
0 0.860352 0.857639 0.091797 0.180556
0 0.607422 0.564236 0.042969 0.107639
0 0.649414 0.519097 0.041016 0.100694
0 0.537109 0.428819 0.027344 0.079861
0 0.438477 0.456597 0.033203 0.086806
0 0.466797 0.409722 0.023438 0.076389
0 0.511719 0.387153 0.019531 0.072917
0 0.377930 0.305556 0.017578 0.048611
0 0.354492 0.303819 0.017578 0.045139
0 0.224609 0.446181 0.027344 0.093750
0 0.171875 0.473958 0.023438 0.086806
0 0.200195 0.368056 0.017578 0.055556
0 0.175781 0.359375 0.015625 0.052083
0 0.132812 0.335069 0.019531 0.059028
0 0.252930 0.284722 0.041016 0.069444
0 0.325195 0.253472 0.021484 0.041667
0 0.119141 0.272569 0.015625 0.059028
1 0.175781 0.199653 0.023438 0.038194
1 0.256836 0.211806 0.041016 0.034722
1 0.357422 0.215278 0.058594 0.041667
