2 0.530273 0.630208 0.103516 0.163194
1 0.468750 0.498264 0.097656 0.121528
2 0.377930 0.359375 0.123047 0.197917
0 0.728516 0.652778 0.054688 0.125000
0 0.692383 0.555556 0.041016 0.104167
0 0.599609 0.482639 0.031250 0.090278
0 0.532227 0.439236 0.025391 0.072917
0 0.237305 0.567708 0.029297 0.121528
0 0.166016 0.647569 0.035156 0.135417
0 0.074219 0.774306 0.039062 0.173611
0 0.112305 0.526042 0.025391 0.100694
0 0.173828 0.326389 0.019531 0.062500
0 0.118164 0.387153 0.021484 0.065972
0 0.165039 0.491319 0.021484 0.100694
0 0.116211 0.321181 0.017578 0.052083
0 0.182617 0.543403 0.021484 0.093750
1 0.172852 0.208333 0.021484 0.027778
1 0.161133 0.171875 0.017578 0.024306
0 0.305664 0.305556 0.017578 0.048611
