0 0.923828 0.887153 0.121094 0.184028
0 0.580078 0.522569 0.046875 0.107639
0 0.506836 0.541667 0.037109 0.097222
0 0.474609 0.428819 0.031250 0.093750
0 0.399414 0.348958 0.021484 0.072917
0 0.363281 0.284722 0.015625 0.062500
0 0.172852 0.333333 0.021484 0.069444
0 0.166992 0.604167 0.037109 0.138889
0 0.242188 0.840278 0.050781 0.215278
0 0.123047 0.284722 0.011719 0.041667
0 0.317383 0.239583 0.017578 0.041667
1 0.298828 0.298611 0.042969 0.062500
1 0.241211 0.215278 0.033203 0.041667
1 0.163086 0.166667 0.021484 0.034722
0 0.147461 0.220486 0.013672 0.031250
0 0.126953 0.241319 0.007812 0.038194
0 0.110352 0.229167 0.013672 0.027778
