0 0.286133 0.888889 0.052734 0.201389
0 0.687500 0.550347 0.046875 0.100694
0 0.594727 0.475694 0.025391 0.076389
0 0.182617 0.338542 0.013672 0.059028
0 0.139648 0.375000 0.017578 0.055556
0 0.294922 0.326389 0.015625 0.055556
0 0.098633 0.329861 0.013672 0.062500
0 0.367188 0.272569 0.011719 0.045139
0 0.344727 0.279514 0.013672 0.038194
0 0.545898 0.430556 0.029297 0.076389
3 0.536133 0.590278 0.185547 0.305556
0 0.465820 0.397569 0.064453 0.100694
3 0.229492 0.361111 0.076172 0.159722
3 0.382812 0.390625 0.097656 0.177083
1 0.144531 0.215278 0.023438 0.041667
1 0.179688 0.208333 0.019531 0.041667
1 0.164062 0.187500 0.023438 0.027778
0 0.126953 0.333333 0.015625 0.048611
