0 0.865234 0.786458 0.082031 0.156250
0 0.621094 0.564236 0.042969 0.100694
0 0.235352 0.628472 0.033203 0.111111
0 0.184570 0.531250 0.029297 0.104167
0 0.131836 0.501736 0.025391 0.093750
0 0.616211 0.472222 0.033203 0.083333
0 0.551758 0.421875 0.025391 0.072917
0 0.523438 0.447917 0.031250 0.083333
0 0.476562 0.423611 0.023438 0.069444
0 0.416016 0.345486 0.015625 0.059028
0 0.457031 0.381944 0.023438 0.055556
1 0.445312 0.500000 0.089844 0.111111
1 0.629883 0.781250 0.173828 0.229167
1 0.217773 0.295139 0.041016 0.055556
1 0.296875 0.288194 0.035156 0.048611
1 0.185547 0.232639 0.023438 0.034722
1 0.143555 0.223958 0.021484 0.038194
1 0.263672 0.256944 0.031250 0.034722
1 0.241211 0.236111 0.025391 0.034722
2 0.165039 0.300347 0.044922 0.093750
3 0.344727 0.368056 0.072266 0.138889
