0 0.738281 0.696181 0.050781 0.142361
0 0.751953 0.609375 0.046875 0.114583
0 0.223633 0.748264 0.048828 0.170139
0 0.218750 0.560764 0.027344 0.107639
0 0.079102 0.612847 0.068359 0.121528
0 0.223633 0.352431 0.013672 0.052083
0 0.190430 0.387153 0.017578 0.072917
0 0.166992 0.348958 0.017578 0.059028
0 0.124023 0.326389 0.013672 0.055556
0 0.205078 0.321181 0.011719 0.045139
0 0.211914 0.286458 0.013672 0.045139
0 0.235352 0.303819 0.013672 0.052083
0 0.303711 0.303819 0.013672 0.045139
0 0.333008 0.307292 0.013672 0.045139
0 0.354492 0.303819 0.013672 0.045139
0 0.375000 0.300347 0.011719 0.038194
0 0.555664 0.428819 0.029297 0.086806
0 0.624023 0.472222 0.041016 0.083333
0 0.632812 0.555556 0.035156 0.097222
0 0.607422 0.605903 0.042969 0.142361
0 0.509766 0.500000 0.031250 0.104167
0 0.498047 0.355903 0.027344 0.072917
1 0.416992 0.484375 0.087891 0.128472
1 0.356445 0.383681 0.068359 0.093750
1 0.403320 0.355903 0.044922 0.072917
0 0.471680 0.397569 0.052734 0.100694
1 0.181641 0.210069 0.019531 0.038194
1 0.325195 0.213542 0.037109 0.038194
1 0.163086 0.189236 0.017578 0.031250
1 0.474609 0.208333 0.046875 0.048611
