0 0.606445 0.578125 0.033203 0.107639
0 0.556641 0.437500 0.023438 0.076389
0 0.513672 0.390625 0.015625 0.065972
0 0.455078 0.361111 0.015625 0.062500
0 0.424805 0.343750 0.013672 0.048611
0 0.220703 0.638889 0.031250 0.125000
0 0.237305 0.529514 0.021484 0.093750
0 0.215820 0.425347 0.013672 0.072917
0 0.108398 0.666667 0.025391 0.131944
0 0.159180 0.595486 0.025391 0.107639
0 0.147461 0.500000 0.017578 0.090278
0 0.120117 0.446181 0.013672 0.079861
0 0.135742 0.399306 0.013672 0.062500
0 0.156250 0.369792 0.015625 0.059028
0 0.177734 0.333333 0.011719 0.048611
0 0.228516 0.335069 0.007812 0.052083
0 0.122070 0.282986 0.009766 0.045139
0 0.382812 0.343750 0.011719 0.055556
0 0.355469 0.250000 0.015625 0.034722
0 0.336914 0.321181 0.009766 0.052083
