0 0.277344 0.838542 0.042969 0.184028
0 0.188477 0.743056 0.037109 0.159722
0 0.085938 0.746528 0.042969 0.159722
0 0.249023 0.574653 0.029297 0.121528
0 0.238281 0.473958 0.027344 0.100694
0 0.166016 0.506944 0.023438 0.097222
0 0.143555 0.465278 0.021484 0.097222
0 0.191406 0.399306 0.015625 0.076389
0 0.237305 0.375000 0.017578 0.069444
0 0.114258 0.371528 0.017578 0.076389
0 0.148438 0.369792 0.019531 0.065972
0 0.175781 0.348958 0.015625 0.059028
0 0.156250 0.281250 0.019531 0.055556
0 0.208008 0.270833 0.013672 0.048611
0 0.220703 0.286458 0.011719 0.038194
0 0.241211 0.315972 0.013672 0.041667
0 0.712891 0.645833 0.054688 0.138889
0 0.542969 0.444444 0.035156 0.104167
0 0.490234 0.432292 0.027344 0.079861
0 0.464844 0.368056 0.023438 0.069444
0 0.444336 0.385417 0.029297 0.062500
1 0.364258 0.409722 0.068359 0.076389
1 0.338867 0.347222 0.048828 0.055556
1 0.170898 0.211806 0.025391 0.048611
