0 0.173828 0.666667 0.039062 0.145833
0 0.639648 0.581597 0.044922 0.121528
0 0.540039 0.434028 0.033203 0.090278
0 0.453125 0.394097 0.027344 0.072917
0 0.386719 0.387153 0.023438 0.072917
0 0.163086 0.515625 0.029297 0.100694
0 0.153320 0.409722 0.025391 0.090278
0 0.380859 0.319444 0.015625 0.055556
0 0.361328 0.333333 0.015625 0.055556
0 0.338867 0.312500 0.013672 0.055556
0 0.150391 0.289931 0.015625 0.059028
0 0.125977 0.314236 0.017578 0.059028
0 0.210938 0.237847 0.015625 0.045139
1 0.205078 0.288194 0.042969 0.055556
1 0.276367 0.267361 0.037109 0.055556
1 0.174805 0.208333 0.021484 0.034722
1 0.166016 0.178819 0.023438 0.031250
0 0.639648 0.350694 0.017578 0.069444
