0 0.127930 0.508681 0.033203 0.093750
0 0.220703 0.420139 0.023438 0.069444
1 0.292969 0.402778 0.058594 0.097222
1 0.352539 0.437500 0.060547 0.104167
1 0.348633 0.302083 0.041016 0.055556
1 0.140625 0.348958 0.042969 0.052083
0 0.072266 0.406250 0.027344 0.062500
0 0.043945 0.407986 0.017578 0.065972
0 0.014648 0.470486 0.025391 0.065972
1 0.527344 0.262153 0.035156 0.052083
1 0.608398 0.250000 0.037109 0.048611
0 0.922852 0.305556 0.033203 0.062500
0 0.872070 0.269097 0.025391 0.065972
0 0.809570 0.255208 0.021484 0.059028
0 0.775391 0.255208 0.019531 0.059028
0 0.749023 0.232639 0.017578 0.041667
