1 0.340820 0.479167 0.072266 0.125000
1 0.440430 0.442708 0.064453 0.121528
0 0.032227 0.656250 0.041016 0.125000
0 0.088867 0.590278 0.041016 0.104167
0 0.050781 0.501736 0.035156 0.086806
0 0.162109 0.503472 0.027344 0.097222
0 0.187500 0.460069 0.023438 0.079861
0 0.218750 0.477431 0.027344 0.072917
0 0.115234 0.407986 0.027344 0.059028
0 0.260742 0.343750 0.013672 0.055556
1 0.584961 0.387153 0.064453 0.100694
0 0.857422 0.291667 0.023438 0.055556
0 0.928711 0.307292 0.021484 0.072917
0 0.833008 0.274306 0.025391 0.055556
3 0.733398 0.218750 0.056641 0.076389
