3 0.325195 0.501736 0.087891 0.218750
1 0.765625 0.503472 0.101562 0.131944
0 0.185547 0.461806 0.023438 0.097222
0 0.210938 0.513889 0.027344 0.097222
0 0.127930 0.565972 0.029297 0.111111
0 0.027344 0.486111 0.027344 0.069444
0 0.061523 0.411458 0.021484 0.059028
0 0.252930 0.411458 0.017578 0.072917
0 0.250977 0.340278 0.017578 0.048611
0 0.019531 0.685764 0.035156 0.149306
0 0.930664 0.317708 0.025391 0.065972
0 0.882812 0.267361 0.015625 0.055556
0 0.815430 0.277778 0.017578 0.055556
1 0.599609 0.229167 0.031250 0.041667
