1 0.271484 0.751736 0.117188 0.211806
0 0.110352 0.592014 0.037109 0.093750
0 0.191406 0.491319 0.023438 0.086806
1 0.728516 0.352431 0.070312 0.079861
1 0.724609 0.286458 0.050781 0.052083
1 0.542969 0.300347 0.035156 0.052083
0 0.250977 0.376736 0.017578 0.059028
0 0.115234 0.513889 0.027344 0.076389
1 0.077148 0.387153 0.044922 0.052083
0 0.125977 0.397569 0.017578 0.045139
0 0.386719 0.289931 0.023438 0.045139
1 0.429688 0.302083 0.027344 0.048611
1 0.420898 0.260417 0.025391 0.027778
2 0.595703 0.236111 0.050781 0.069444
0 0.954102 0.328125 0.025391 0.065972
0 0.986328 0.326389 0.027344 0.062500
0 0.906250 0.279514 0.023438 0.052083
0 0.825195 0.274306 0.017578 0.055556
0 0.845703 0.267361 0.019531 0.055556
