0 0.170898 0.677083 0.044922 0.131944
0 0.127930 0.928819 0.072266 0.142361
0 0.102539 0.472222 0.029297 0.076389
0 0.245117 0.421875 0.021484 0.072917
0 0.176758 0.520833 0.021484 0.090278
0 0.158203 0.487847 0.019531 0.079861
0 0.273438 0.352431 0.019531 0.045139
1 0.767578 0.345486 0.074219 0.079861
1 0.574219 0.269097 0.035156 0.052083
1 0.517578 0.262153 0.035156 0.045139
1 0.659180 0.251736 0.048828 0.052083
0 0.914062 0.326389 0.027344 0.055556
0 0.963867 0.303819 0.044922 0.065972
0 0.820312 0.274306 0.039062 0.076389
0 0.721680 0.236111 0.013672 0.041667
0 0.737305 0.236111 0.009766 0.048611
0 0.752930 0.227431 0.013672 0.038194
0 0.774414 0.232639 0.021484 0.048611
