1 0.108398 0.748264 0.150391 0.239583
0 0.036133 0.720486 0.037109 0.142361
0 0.077148 0.581597 0.033203 0.107639
0 0.115234 0.590278 0.035156 0.090278
1 0.377930 0.342014 0.041016 0.086806
1 0.550781 0.321181 0.046875 0.072917
1 0.590820 0.244792 0.033203 0.045139
0 0.245117 0.425347 0.021484 0.079861
0 0.209961 0.423611 0.021484 0.069444
0 0.101562 0.447917 0.031250 0.076389
0 0.128906 0.364583 0.023438 0.062500
0 0.961914 0.345486 0.033203 0.079861
0 0.832031 0.260417 0.023438 0.055556
0 0.783203 0.244792 0.015625 0.045139
0 0.035156 0.440972 0.027344 0.062500
0 0.009766 0.498264 0.015625 0.072917
0 0.286133 0.329861 0.021484 0.041667
