3 0.160156 0.736111 0.210938 0.437500
0 0.168945 0.449653 0.025391 0.079861
0 0.209961 0.460069 0.025391 0.072917
0 0.049805 0.432292 0.017578 0.059028
0 0.099609 0.420139 0.019531 0.055556
1 0.141602 0.336806 0.033203 0.048611
1 0.327148 0.336806 0.041016 0.062500
0 0.288086 0.359375 0.017578 0.059028
0 0.258789 0.331597 0.017578 0.052083
1 0.651367 0.364583 0.056641 0.076389
1 0.828125 0.416667 0.101562 0.131944
0 0.807617 0.269097 0.021484 0.052083
0 0.917969 0.291667 0.027344 0.062500
0 0.960938 0.298611 0.031250 0.069444
