1 0.213867 0.583333 0.083984 0.145833
2 0.042969 0.444444 0.082031 0.201389
1 0.419922 0.902778 0.136719 0.194444
1 0.428711 0.298611 0.029297 0.048611
1 0.652344 0.350694 0.062500 0.083333
0 0.868164 0.395833 0.041016 0.104167
0 0.939453 0.359375 0.035156 0.086806
0 0.982422 0.342014 0.035156 0.093750
0 0.897461 0.291667 0.025391 0.062500
0 0.933594 0.286458 0.027344 0.052083
0 0.836914 0.282986 0.025391 0.065972
1 0.383789 0.281250 0.029297 0.048611
0 0.152344 0.338542 0.039062 0.052083
1 0.177734 0.289931 0.042969 0.059028
1 0.152344 0.338542 0.039062 0.052083
