1 0.231445 0.631944 0.123047 0.201389
2 0.059570 0.369792 0.083984 0.114583
0 0.105469 0.555556 0.035156 0.111111
0 0.176758 0.501736 0.025391 0.100694
0 0.095703 0.460069 0.031250 0.059028
0 0.211914 0.475694 0.025391 0.076389
0 0.234375 0.407986 0.019531 0.079861
0 0.251953 0.347222 0.019531 0.048611
0 0.148438 0.364583 0.015625 0.041667
0 0.156250 0.329861 0.015625 0.034722
0 0.594727 0.305556 0.048828 0.062500
0 0.594727 0.234375 0.041016 0.065972
0 0.386719 0.288194 0.035156 0.048611
0 0.430664 0.263889 0.029297 0.041667
0 0.350586 0.269097 0.025391 0.038194
0 0.794922 0.255208 0.015625 0.038194
0 0.947266 0.276042 0.039062 0.052083
