1 0.422852 0.493056 0.060547 0.111111
1 0.574219 0.371528 0.054688 0.097222
1 0.601562 0.310764 0.046875 0.059028
1 0.618164 0.265625 0.037109 0.052083
1 0.745117 0.376736 0.076172 0.086806
1 0.761719 0.270833 0.070312 0.055556
1 0.357422 0.357639 0.031250 0.069444
0 0.233398 0.428819 0.021484 0.065972
0 0.167969 0.486111 0.023438 0.097222
0 0.040039 0.524306 0.029297 0.090278
0 0.077148 0.423611 0.017578 0.069444
0 0.029297 0.421875 0.023438 0.059028
0 0.304688 0.343750 0.011719 0.055556
0 0.286133 0.354167 0.013672 0.055556
