1 0.102539 0.888889 0.181641 0.222222
1 0.357422 0.439236 0.054688 0.107639
1 0.434570 0.355903 0.048828 0.086806
1 0.384766 0.288194 0.031250 0.062500
1 0.504883 0.253472 0.037109 0.055556
0 0.609375 0.305556 0.050781 0.069444
1 0.724609 0.463542 0.097656 0.135417
0 0.083008 0.659722 0.037109 0.125000
0 0.049805 0.640625 0.029297 0.135417
0 0.241211 0.420139 0.025391 0.069444
0 0.892578 0.303819 0.035156 0.065972
0 0.918945 0.281250 0.029297 0.062500
0 0.840820 0.288194 0.021484 0.055556
0 0.823242 0.246528 0.017578 0.048611
1 0.609375 0.305556 0.050781 0.069444
