1 0.742188 0.477431 0.082031 0.114583
1 0.878906 0.928819 0.203125 0.142361
1 0.560547 0.309028 0.042969 0.048611
1 0.439453 0.338542 0.035156 0.059028
1 0.378906 0.317708 0.031250 0.052083
0 0.293945 0.364583 0.013672 0.055556
0 0.211914 0.437500 0.017578 0.069444
0 0.208984 0.597222 0.027344 0.118056
0 0.029297 0.732639 0.050781 0.173611
2 0.149414 0.295139 0.048828 0.069444
0 0.064453 0.404514 0.019531 0.065972
0 0.146484 0.350694 0.015625 0.041667
0 0.265625 0.335069 0.011719 0.052083
1 0.611328 0.232639 0.027344 0.034722
0 0.925781 0.314236 0.058594 0.072917
