1 0.374023 0.850694 0.130859 0.284722
1 0.348633 0.446181 0.052734 0.100694
1 0.589844 0.394097 0.066406 0.086806
1 0.647461 0.348958 0.056641 0.079861
1 0.911133 0.503472 0.123047 0.152778
1 0.564453 0.276042 0.039062 0.052083
1 0.916992 0.289931 0.072266 0.072917
1 0.504883 0.253472 0.025391 0.041667
0 0.116211 0.574653 0.041016 0.100694
0 0.166992 0.470486 0.033203 0.086806
0 0.208984 0.472222 0.027344 0.090278
0 0.244141 0.366319 0.019531 0.059028
0 0.015625 0.529514 0.027344 0.093750
0 0.791992 0.250000 0.013672 0.055556
0 0.819336 0.246528 0.021484 0.055556
0 0.970703 0.348958 0.035156 0.072917
0 0.041992 0.451389 0.033203 0.083333
1 0.099609 0.371528 0.062500 0.062500
