3 0.312500 0.637153 0.105469 0.302083
1 0.755859 0.493056 0.109375 0.145833
3 0.815430 0.388889 0.099609 0.138889
1 0.569336 0.335069 0.044922 0.065972
1 0.436523 0.315972 0.044922 0.069444
0 0.186523 0.477431 0.025391 0.093750
0 0.236328 0.489583 0.027344 0.083333
0 0.041016 0.451389 0.027344 0.062500
0 0.323242 0.354167 0.017578 0.048611
0 0.245117 0.364583 0.013672 0.048611
0 0.220703 0.371528 0.015625 0.055556
0 0.980469 0.343750 0.035156 0.062500
1 0.144531 0.347222 0.039062 0.048611
1 0.965820 0.288194 0.068359 0.069444
0 0.824219 0.281250 0.027344 0.062500
