1 0.285156 0.805556 0.164062 0.263889
1 0.580078 0.388889 0.035156 0.055556
1 0.653320 0.274306 0.021484 0.041667
1 0.613281 0.250000 0.019531 0.034722
0 0.714844 0.843750 0.046875 0.180556
0 0.534180 0.925347 0.044922 0.149306
0 0.407227 0.453125 0.017578 0.079861
0 0.396484 0.392361 0.019531 0.069444
0 0.455078 0.380208 0.015625 0.059028
0 0.427734 0.371528 0.015625 0.055556
0 0.539062 0.383681 0.015625 0.052083
0 0.526367 0.355903 0.013672 0.045139
0 0.544922 0.336806 0.011719 0.041667
0 0.621094 0.309028 0.011719 0.041667
0 0.572266 0.272569 0.011719 0.038194
0 0.752930 0.364583 0.029297 0.055556
0 0.796875 0.385417 0.035156 0.055556
0 0.864258 0.399306 0.041016 0.069444
0 0.969727 0.427083 0.048828 0.069444
0 0.525391 0.296875 0.011719 0.038194
