0 0.158203 0.862847 0.062500 0.190972
0 0.266602 0.527778 0.029297 0.090278
0 0.166992 0.696181 0.048828 0.121528
0 0.112305 0.828125 0.056641 0.184028
0 0.412109 0.388889 0.015625 0.062500
0 0.594727 0.392361 0.013672 0.055556
0 0.964844 0.482639 0.054688 0.076389
0 0.803711 0.376736 0.033203 0.059028
0 0.700195 0.355903 0.025391 0.045139
0 0.629883 0.378472 0.017578 0.041667
0 0.541992 0.359375 0.013672 0.045139
1 0.570312 0.250000 0.015625 0.027778
1 0.602539 0.279514 0.017578 0.031250
1 0.499023 0.663194 0.091797 0.159722
