0 0.287109 0.640625 0.066406 0.114583
0 0.242188 0.519097 0.019531 0.086806
0 0.291016 0.493056 0.023438 0.083333
0 0.329102 0.479167 0.021484 0.090278
0 0.359375 0.475694 0.019531 0.083333
0 0.416016 0.472222 0.019531 0.083333
0 0.399414 0.456597 0.017578 0.079861
0 0.380859 0.430556 0.015625 0.076389
0 0.339844 0.437500 0.019531 0.069444
0 0.788086 0.444444 0.025391 0.076389
0 0.625977 0.326389 0.013672 0.041667
0 0.681641 0.336806 0.019531 0.048611
0 0.545898 0.373264 0.013672 0.052083
0 0.527344 0.388889 0.023438 0.048611
0 0.437500 0.366319 0.011719 0.052083
0 0.453125 0.350694 0.007812 0.048611
0 0.541016 0.314236 0.011719 0.045139
0 0.603516 0.276042 0.007812 0.031250
0 0.875977 0.395833 0.037109 0.062500
1 0.393555 0.687500 0.166016 0.215278
1 0.481445 0.402778 0.056641 0.076389
3 0.176758 0.897569 0.349609 0.204861
1 0.968750 0.421875 0.062500 0.065972
