1 0.335938 0.774306 0.171875 0.222222
1 0.590820 0.565972 0.126953 0.152778
1 0.495117 0.404514 0.044922 0.072917
1 0.617188 0.229167 0.015625 0.034722
0 0.650391 0.824653 0.070312 0.156250
0 0.618164 0.682292 0.048828 0.128472
0 0.719727 0.689236 0.056641 0.128472
0 0.820312 0.581597 0.042969 0.100694
0 0.861328 0.618056 0.042969 0.104167
0 0.983398 0.578125 0.033203 0.100694
0 0.865234 0.439236 0.046875 0.079861
0 0.954102 0.406250 0.048828 0.062500
0 0.838867 0.388889 0.037109 0.055556
0 0.798828 0.430556 0.035156 0.076389
0 0.771484 0.470486 0.039062 0.065972
0 0.724609 0.460069 0.035156 0.072917
0 0.746094 0.532986 0.042969 0.086806
0 0.683594 0.505208 0.035156 0.079861
0 0.629883 0.468750 0.033203 0.062500
0 0.579102 0.425347 0.029297 0.072917
0 0.613281 0.335069 0.015625 0.052083
0 0.559570 0.394097 0.029297 0.059028
0 0.526367 0.454861 0.033203 0.076389
0 0.499023 0.524306 0.044922 0.090278
0 0.435547 0.487847 0.035156 0.093750
0 0.385742 0.562500 0.044922 0.097222
0 0.392578 0.453125 0.019531 0.079861
0 0.409180 0.394097 0.013672 0.059028
0 0.443359 0.362847 0.011719 0.052083
0 0.500000 0.309028 0.011719 0.048611
0 0.349609 0.626736 0.050781 0.107639
0 0.325195 0.463542 0.017578 0.079861
0 0.365234 0.437500 0.019531 0.062500
0 0.180664 0.722222 0.068359 0.138889
0 0.897461 0.555556 0.021484 0.104167
0 0.419922 0.881944 0.089844 0.187500
0 0.411133 0.803819 0.091797 0.142361
