1 0.496094 0.569444 0.160156 0.145833
1 0.264648 0.767361 0.197266 0.215278
1 0.481445 0.718750 0.150391 0.166667
1 0.637695 0.263889 0.021484 0.034722
1 0.558594 0.267361 0.023438 0.034722
0 0.114258 0.578125 0.037109 0.100694
0 0.171875 0.569444 0.039062 0.104167
0 0.237305 0.505208 0.021484 0.093750
0 0.291992 0.486111 0.021484 0.083333
0 0.316406 0.487847 0.023438 0.086806
0 0.353516 0.480903 0.019531 0.079861
0 0.381836 0.460069 0.017578 0.093750
0 0.410156 0.437500 0.015625 0.076389
0 0.451172 0.414931 0.015625 0.072917
0 0.621094 0.486111 0.039062 0.083333
0 0.647461 0.529514 0.025391 0.079861
0 0.690430 0.493056 0.021484 0.076389
0 0.756836 0.451389 0.017578 0.076389
0 0.796875 0.652778 0.039062 0.125000
0 0.507812 0.788194 0.054688 0.152778
0 0.577148 0.815972 0.056641 0.152778
0 0.957031 0.401042 0.039062 0.052083
0 0.984375 0.442708 0.031250 0.065972
0 0.968750 0.503472 0.039062 0.083333
0 0.590820 0.336806 0.013672 0.048611
0 0.512695 0.378472 0.017578 0.048611
0 0.488281 0.369792 0.011719 0.052083
0 0.556641 0.361111 0.011719 0.048611
