0 0.492188 0.555556 0.050781 0.104167
0 0.834961 0.616319 0.044922 0.107639
0 0.616211 0.505208 0.041016 0.079861
0 0.281250 0.493056 0.019531 0.076389
0 0.472656 0.369792 0.011719 0.052083
0 0.435547 0.361111 0.015625 0.048611
0 0.348633 0.473958 0.017578 0.072917
0 0.314453 0.477431 0.019531 0.072917
0 0.383789 0.467014 0.013672 0.079861
0 0.371094 0.460069 0.011719 0.079861
0 0.732422 0.357639 0.023438 0.048611
0 0.682617 0.340278 0.017578 0.041667
0 0.642578 0.293403 0.011719 0.031250
1 0.112305 0.871528 0.220703 0.256944
1 0.849609 0.409722 0.105469 0.076389
1 0.632812 0.361111 0.062500 0.062500
1 0.498047 0.387153 0.039062 0.065972
1 0.425781 0.432292 0.058594 0.079861
3 0.602539 0.272569 0.025391 0.065972
