0 0.695312 0.842014 0.050781 0.163194
0 0.525391 0.718750 0.031250 0.138889
0 0.345703 0.588542 0.031250 0.114583
0 0.241211 0.612847 0.037109 0.121528
0 0.069336 0.932292 0.080078 0.135417
0 0.793945 0.437500 0.044922 0.069444
0 0.733398 0.430556 0.044922 0.083333
0 0.670898 0.407986 0.033203 0.065972
0 0.617188 0.385417 0.027344 0.062500
0 0.563477 0.463542 0.021484 0.086806
0 0.432617 0.381944 0.017578 0.062500
0 0.585938 0.373264 0.019531 0.052083
0 0.476562 0.336806 0.011719 0.041667
0 0.871094 0.397569 0.039062 0.072917
3 0.609375 0.248264 0.015625 0.038194
