1 0.480469 0.854167 0.136719 0.250000
1 0.524414 0.517361 0.076172 0.118056
1 0.407227 0.559028 0.091797 0.125000
1 0.145508 0.902778 0.212891 0.194444
1 0.056641 0.796875 0.109375 0.170139
0 0.629883 0.543403 0.021484 0.086806
0 0.681641 0.477431 0.019531 0.079861
0 0.731445 0.413194 0.033203 0.062500
0 0.600586 0.447917 0.013672 0.062500
0 0.132812 0.647569 0.042969 0.121528
0 0.194336 0.682292 0.044922 0.135417
0 0.271484 0.526042 0.027344 0.093750
0 0.351562 0.439236 0.019531 0.072917
0 0.454102 0.369792 0.013672 0.052083
0 0.611328 0.375000 0.011719 0.048611
0 0.625977 0.446181 0.013672 0.059028
0 0.570312 0.411458 0.011719 0.052083
0 0.554688 0.432292 0.011719 0.052083
