0 0.762695 0.741319 0.052734 0.135417
0 0.473633 0.630208 0.060547 0.121528
0 0.705078 0.460069 0.046875 0.072917
0 0.279297 0.493056 0.023438 0.083333
0 0.306641 0.493056 0.023438 0.083333
0 0.302734 0.423611 0.023438 0.062500
0 0.373047 0.487847 0.019531 0.079861
0 0.346680 0.480903 0.017578 0.079861
0 0.333984 0.461806 0.015625 0.083333
0 0.447266 0.454861 0.019531 0.076389
0 0.846680 0.394097 0.037109 0.052083
0 0.743164 0.369792 0.029297 0.045139
0 0.647461 0.387153 0.017578 0.065972
0 0.535156 0.394097 0.011719 0.059028
0 0.463867 0.390625 0.013672 0.052083
0 0.650391 0.322917 0.015625 0.041667
0 0.394531 0.463542 0.015625 0.072917
1 0.394531 0.625000 0.152344 0.145833
1 0.269531 0.873264 0.250000 0.253472
