0 0.673828 0.519097 0.039062 0.093750
0 0.748047 0.461806 0.039062 0.083333
0 0.828125 0.472222 0.039062 0.083333
0 0.416992 0.585069 0.056641 0.114583
0 0.238281 0.654514 0.066406 0.121528
0 0.177734 0.559028 0.031250 0.104167
0 0.260742 0.543403 0.025391 0.093750
0 0.326172 0.505208 0.019531 0.086806
0 0.375977 0.493056 0.021484 0.076389
0 0.356445 0.475694 0.017578 0.076389
0 0.397461 0.458333 0.017578 0.069444
0 0.246094 0.498264 0.019531 0.093750
0 0.286133 0.480903 0.021484 0.086806
0 0.271484 0.460069 0.015625 0.072917
0 0.647461 0.427083 0.041016 0.076389
0 0.693359 0.402778 0.031250 0.069444
0 0.849609 0.392361 0.039062 0.055556
0 0.800781 0.375000 0.035156 0.055556
0 0.568359 0.387153 0.050781 0.072917
0 0.986328 0.411458 0.027344 0.059028
0 0.949219 0.404514 0.039062 0.059028
0 0.622070 0.319444 0.009766 0.041667
0 0.642578 0.289931 0.011719 0.031250
0 0.704102 0.347222 0.025391 0.041667
0 0.681641 0.333333 0.015625 0.034722
0 0.502930 0.305556 0.013672 0.041667
0 0.531250 0.359375 0.019531 0.045139
0 0.565430 0.277778 0.009766 0.034722
0 0.436523 0.355903 0.013672 0.031250
1 0.504883 0.397569 0.041016 0.065972
1 0.430664 0.411458 0.052734 0.093750
1 0.470703 0.383681 0.039062 0.065972
1 0.741211 0.392361 0.095703 0.069444
1 0.643555 0.359375 0.064453 0.065972
3 0.606445 0.281250 0.029297 0.062500
2 0.598633 0.206597 0.021484 0.045139
