0 0.482422 0.913194 0.082031 0.173611
0 0.501953 0.711806 0.062500 0.152778
0 0.566406 0.633681 0.054688 0.135417
0 0.711914 0.675347 0.037109 0.128472
0 0.885742 0.609375 0.033203 0.107639
0 0.728516 0.527778 0.039062 0.097222
0 0.854492 0.461806 0.052734 0.076389
0 0.949219 0.449653 0.054688 0.079861
0 0.817383 0.442708 0.048828 0.072917
0 0.758789 0.434028 0.044922 0.076389
0 0.708008 0.404514 0.037109 0.065972
0 0.673828 0.352431 0.015625 0.045139
0 0.472656 0.446181 0.015625 0.072917
0 0.522461 0.539931 0.044922 0.100694
0 0.243164 0.505208 0.025391 0.093750
0 0.279297 0.498264 0.023438 0.079861
0 0.387695 0.468750 0.017578 0.083333
0 0.351562 0.482639 0.015625 0.090278
0 0.442383 0.453125 0.017578 0.086806
0 0.417969 0.444444 0.019531 0.076389
0 0.313477 0.454861 0.017578 0.076389
0 0.269531 0.456597 0.015625 0.079861
0 0.361328 0.411458 0.015625 0.059028
0 0.378906 0.407986 0.015625 0.065972
0 0.398438 0.406250 0.015625 0.069444
0 0.550781 0.369792 0.015625 0.065972
0 0.472656 0.329861 0.015625 0.055556
1 0.499023 0.385417 0.048828 0.083333
1 0.518555 0.345486 0.033203 0.059028
1 0.535156 0.310764 0.027344 0.052083
1 0.610352 0.315972 0.029297 0.041667
1 0.601562 0.279514 0.019531 0.031250
1 0.592773 0.225694 0.017578 0.027778
3 0.559570 0.272569 0.025391 0.059028
