1 0.605469 0.416667 0.039062 0.069444
1 0.504883 0.381944 0.041016 0.062500
1 0.529297 0.343750 0.027344 0.048611
1 0.445312 0.401042 0.042969 0.065972
1 0.546875 0.298611 0.027344 0.041667
2 0.623047 0.234375 0.023438 0.059028
0 0.554688 0.453125 0.039062 0.072917
0 0.555664 0.402778 0.017578 0.069444
0 0.401367 0.473958 0.021484 0.079861
0 0.373047 0.468750 0.019531 0.076389
0 0.332031 0.494792 0.023438 0.072917
0 0.270508 0.529514 0.029297 0.086806
0 0.208008 0.519097 0.033203 0.086806
0 0.309570 0.482639 0.017578 0.083333
0 0.258789 0.498264 0.017578 0.079861
0 0.282227 0.480903 0.017578 0.072917
0 0.349609 0.418403 0.011719 0.059028
0 0.360352 0.440972 0.013672 0.062500
0 0.428711 0.434028 0.017578 0.069444
1 0.481445 0.342014 0.029297 0.052083
