0 0.592773 0.814236 0.068359 0.156250
0 0.420898 0.741319 0.060547 0.149306
0 0.234375 0.635417 0.062500 0.118056
0 0.161133 0.548611 0.041016 0.097222
0 0.242188 0.508681 0.027344 0.086806
0 0.277344 0.494792 0.019531 0.079861
0 0.302734 0.493056 0.019531 0.083333
0 0.371094 0.487847 0.019531 0.093750
0 0.345703 0.473958 0.019531 0.079861
0 0.485352 0.444444 0.017578 0.069444
0 0.446289 0.454861 0.017578 0.076389
0 0.420898 0.451389 0.017578 0.076389
0 0.394531 0.454861 0.015625 0.076389
0 0.532227 0.388889 0.013672 0.062500
0 0.756836 0.456597 0.033203 0.072917
0 0.812500 0.439236 0.035156 0.072917
0 0.791992 0.385417 0.033203 0.048611
0 0.637695 0.309028 0.013672 0.034722
1 0.740234 0.539931 0.105469 0.114583
1 0.499023 0.387153 0.044922 0.072917
1 0.608398 0.282986 0.021484 0.038194
2 0.513672 0.555556 0.132812 0.194444
