1 0.495117 0.387153 0.044922 0.065972
1 0.584961 0.366319 0.037109 0.052083
1 0.124023 0.965278 0.162109 0.069444
1 0.592773 0.225694 0.013672 0.027778
1 0.615234 0.236111 0.015625 0.027778
0 0.823242 0.444444 0.044922 0.055556
0 0.942383 0.454861 0.103516 0.090278
0 0.773438 0.427083 0.042969 0.069444
0 0.832031 0.388889 0.042969 0.055556
0 0.723633 0.364583 0.025391 0.048611
0 0.668945 0.343750 0.017578 0.048611
0 0.649414 0.329861 0.013672 0.048611
0 0.568359 0.454861 0.019531 0.083333
0 0.606445 0.491319 0.021484 0.072917
0 0.595703 0.425347 0.015625 0.072917
0 0.610352 0.397569 0.013672 0.059028
0 0.620117 0.380208 0.013672 0.059028
0 0.404297 0.402778 0.019531 0.069444
0 0.542969 0.380208 0.015625 0.059028
0 0.534180 0.336806 0.013672 0.048611
0 0.466797 0.348958 0.011719 0.052083
0 0.299805 0.420139 0.017578 0.076389
0 0.767578 0.729167 0.046875 0.131944
0 0.691406 0.861111 0.058594 0.173611
0 0.626953 0.295139 0.011719 0.041667
0 0.017578 0.864583 0.031250 0.138889
