2 0.452148 0.642361 0.330078 0.409722
1 0.109375 0.928819 0.214844 0.142361
1 0.837891 0.477431 0.097656 0.093750
1 0.500000 0.390625 0.042969 0.065972
1 0.507812 0.303819 0.031250 0.045139
1 0.524414 0.329861 0.021484 0.041667
1 0.600586 0.315972 0.025391 0.041667
0 0.548828 0.750000 0.050781 0.138889
0 0.368164 0.881944 0.083984 0.159722
0 0.249023 0.656250 0.060547 0.118056
0 0.052734 0.748264 0.089844 0.149306
0 0.023438 0.680556 0.042969 0.111111
0 0.269531 0.494792 0.027344 0.093750
0 0.317383 0.473958 0.021484 0.079861
0 0.425781 0.461806 0.015625 0.076389
0 0.351562 0.473958 0.019531 0.079861
0 0.668945 0.430556 0.041016 0.062500
0 0.705078 0.355903 0.023438 0.045139
0 0.676758 0.357639 0.021484 0.041667
