0 0.740234 0.708333 0.058594 0.131944
0 0.666016 0.800347 0.066406 0.163194
0 0.472656 0.720486 0.062500 0.135417
0 0.384766 0.685764 0.078125 0.149306
0 0.263672 0.736111 0.074219 0.145833
0 0.183594 0.723958 0.082031 0.142361
0 0.182617 0.500000 0.025391 0.083333
0 0.286133 0.494792 0.021484 0.086806
0 0.330078 0.486111 0.023438 0.090278
0 0.494141 0.526042 0.042969 0.093750
0 0.581055 0.480903 0.041016 0.072917
0 0.616211 0.513889 0.044922 0.097222
0 0.667969 0.465278 0.039062 0.076389
0 0.689453 0.515625 0.039062 0.093750
0 0.760742 0.472222 0.041016 0.076389
0 0.726562 0.427083 0.039062 0.069444
0 0.848633 0.423611 0.033203 0.062500
0 0.886719 0.404514 0.039062 0.065972
0 0.693359 0.343750 0.019531 0.041667
0 0.636719 0.314236 0.023438 0.052083
0 0.536133 0.401042 0.017578 0.059028
0 0.410156 0.451389 0.019531 0.083333
0 0.373047 0.453125 0.023438 0.086806
0 0.408203 0.371528 0.015625 0.048611
0 0.457031 0.355903 0.015625 0.052083
1 0.502930 0.375000 0.048828 0.076389
1 0.555664 0.260417 0.017578 0.027778
1 0.616211 0.236111 0.013672 0.020833
1 0.967773 0.425347 0.064453 0.079861
