1 0.342773 0.697917 0.119141 0.194444
1 0.456055 0.477431 0.056641 0.093750
1 0.499023 0.373264 0.041016 0.065972
1 0.541992 0.291667 0.025391 0.041667
2 0.164062 0.614583 0.269531 0.347222
0 0.241211 0.729167 0.041016 0.145833
0 0.109375 0.875000 0.078125 0.215278
0 0.515625 0.732639 0.035156 0.138889
0 0.571289 0.640625 0.037109 0.114583
0 0.796875 0.670139 0.042969 0.125000
0 0.659180 0.489583 0.021484 0.083333
0 0.676758 0.423611 0.017578 0.069444
0 0.579102 0.472222 0.017578 0.076389
0 0.611328 0.491319 0.015625 0.079861
0 0.626953 0.456597 0.015625 0.065972
0 0.596680 0.425347 0.017578 0.059028
0 0.614258 0.366319 0.013672 0.045139
0 0.351562 0.553819 0.023438 0.086806
0 0.338867 0.456597 0.017578 0.079861
0 0.405273 0.470486 0.013672 0.079861
0 0.383789 0.421875 0.013672 0.059028
0 0.385742 0.501736 0.017578 0.079861
0 0.362305 0.493056 0.017578 0.069444
0 0.969727 0.453125 0.052734 0.079861
0 0.844727 0.453125 0.048828 0.059028
0 0.710938 0.366319 0.031250 0.045139
