1 0.887695 0.444444 0.123047 0.104167
1 0.641602 0.414931 0.052734 0.086806
1 0.562500 0.522569 0.062500 0.100694
1 0.485352 0.395833 0.044922 0.076389
1 0.510742 0.361111 0.033203 0.048611
1 0.534180 0.307292 0.025391 0.038194
2 0.452148 0.335069 0.072266 0.114583
0 0.473633 0.923611 0.083984 0.152778
0 0.708984 0.418403 0.019531 0.072917
0 0.474609 0.468750 0.023438 0.083333
0 0.452148 0.460069 0.017578 0.079861
0 0.384766 0.506944 0.023438 0.097222
0 0.422852 0.446181 0.017578 0.079861
0 0.410156 0.434028 0.015625 0.069444
0 0.386719 0.435764 0.015625 0.065972
0 0.361328 0.475694 0.019531 0.083333
0 0.323242 0.484375 0.021484 0.079861
0 0.342773 0.440972 0.021484 0.083333
0 0.280273 0.498264 0.025391 0.086806
0 0.303711 0.479167 0.013672 0.083333
0 0.229492 0.519097 0.029297 0.086806
0 0.538086 0.392361 0.009766 0.062500
0 0.561523 0.343750 0.013672 0.048611
0 0.600586 0.274306 0.009766 0.034722
0 0.611328 0.270833 0.007812 0.034722
0 0.750977 0.366319 0.029297 0.045139
0 0.891602 0.607639 0.029297 0.104167
