0 0.670898 0.692708 0.056641 0.128472
0 0.369141 0.597222 0.058594 0.111111
0 0.219727 0.645833 0.068359 0.125000
0 0.306641 0.487847 0.027344 0.086806
0 0.342773 0.473958 0.017578 0.086806
0 0.404297 0.461806 0.023438 0.083333
0 0.375977 0.465278 0.017578 0.083333
0 0.494141 0.421875 0.019531 0.065972
0 0.476562 0.355903 0.007812 0.052083
0 0.391602 0.427083 0.013672 0.069444
0 0.640625 0.315972 0.011719 0.041667
0 0.959961 0.543403 0.041016 0.093750
0 0.880859 0.565972 0.050781 0.097222
0 0.872070 0.640625 0.033203 0.107639
1 0.689453 0.482639 0.117188 0.111111
1 0.903320 0.440972 0.107422 0.083333
