1 0.412109 0.444444 0.054688 0.083333
1 0.497070 0.383681 0.041016 0.072917
1 0.615234 0.236111 0.015625 0.020833
0 0.306641 0.710069 0.070312 0.149306
0 0.393555 0.527778 0.025391 0.090278
0 0.280273 0.588542 0.029297 0.107639
0 0.185547 0.529514 0.027344 0.086806
0 0.367188 0.493056 0.015625 0.076389
0 0.336914 0.493056 0.017578 0.076389
0 0.259766 0.522569 0.019531 0.086806
0 0.643555 0.390625 0.025391 0.059028
0 0.770508 0.440972 0.048828 0.076389
0 0.874023 0.442708 0.048828 0.072917
0 0.981445 0.467014 0.037109 0.072917
0 0.287109 0.475694 0.015625 0.076389
0 0.311523 0.475694 0.017578 0.062500
0 0.236328 0.510417 0.019531 0.083333
0 0.439453 0.362847 0.015625 0.052083
0 0.553711 0.326389 0.009766 0.041667
0 0.731445 0.362847 0.021484 0.038194
0 0.299805 0.414931 0.017578 0.045139
