0 0.089844 0.767361 0.089844 0.145833
0 0.697266 0.529514 0.042969 0.093750
0 0.626953 0.555556 0.042969 0.104167
0 0.543945 0.550347 0.048828 0.093750
0 0.820312 0.505208 0.042969 0.086806
0 0.646484 0.520833 0.031250 0.083333
0 0.454102 0.460069 0.017578 0.086806
0 0.421875 0.458333 0.019531 0.083333
0 0.409180 0.428819 0.017578 0.086806
0 0.386719 0.461806 0.015625 0.090278
0 0.361328 0.470486 0.019531 0.086806
0 0.323242 0.484375 0.021484 0.086806
0 0.342773 0.444444 0.021484 0.083333
0 0.306641 0.479167 0.019531 0.083333
0 0.282227 0.501736 0.025391 0.093750
0 0.229492 0.520833 0.033203 0.090278
0 0.249023 0.489583 0.017578 0.083333
0 0.216797 0.496528 0.015625 0.083333
0 0.646484 0.362847 0.015625 0.059028
0 0.621094 0.354167 0.011719 0.055556
0 0.538086 0.375000 0.013672 0.055556
0 0.481445 0.328125 0.009766 0.038194
0 0.640625 0.295139 0.011719 0.048611
0 0.561523 0.347222 0.013672 0.048611
0 0.501953 0.291667 0.011719 0.041667
0 0.896484 0.397569 0.039062 0.059028
0 0.727539 0.357639 0.037109 0.055556
1 0.485352 0.678819 0.173828 0.177083
1 0.486328 0.392361 0.042969 0.069444
1 0.570312 0.442708 0.050781 0.079861
1 0.508789 0.357639 0.037109 0.048611
1 0.526367 0.329861 0.025391 0.041667
1 0.536133 0.303819 0.021484 0.031250
1 0.537109 0.262153 0.035156 0.072917
2 0.787109 0.435764 0.152344 0.163194
1 0.611328 0.270833 0.019531 0.034722
0 0.970703 0.543403 0.031250 0.100694
0 0.978516 0.401042 0.042969 0.059028
0 0.662109 0.335069 0.015625 0.045139
0 0.374023 0.397569 0.017578 0.045139
