0 0.843750 0.656250 0.042969 0.118056
0 0.203125 0.534722 0.031250 0.090278
0 0.245117 0.510417 0.029297 0.083333
0 0.332031 0.482639 0.027344 0.076389
0 0.289062 0.493056 0.023438 0.083333
0 0.411133 0.449653 0.021484 0.079861
0 0.374023 0.453125 0.021484 0.079861
0 0.359375 0.406250 0.019531 0.062500
0 0.391602 0.409722 0.013672 0.062500
0 0.536133 0.397569 0.013672 0.059028
0 0.761719 0.489583 0.031250 0.083333
0 0.728516 0.430556 0.035156 0.076389
0 0.754883 0.402778 0.025391 0.062500
0 0.677734 0.348958 0.019531 0.052083
0 0.643555 0.321181 0.013672 0.045139
0 0.512695 0.296875 0.009766 0.038194
1 0.371094 0.604167 0.144531 0.173611
1 0.826172 0.444444 0.117188 0.104167
1 0.969727 0.413194 0.060547 0.076389
2 0.620117 0.467014 0.064453 0.135417
1 0.435547 0.414931 0.046875 0.079861
1 0.502930 0.373264 0.044922 0.079861
