1 0.691406 0.484375 0.117188 0.114583
1 0.903320 0.442708 0.107422 0.072917
1 0.502930 0.319444 0.033203 0.041667
1 0.545898 0.307292 0.025391 0.038194
1 0.602539 0.282986 0.021484 0.031250
0 0.670898 0.689236 0.052734 0.135417
0 0.874023 0.640625 0.044922 0.128472
0 0.959961 0.545139 0.044922 0.097222
0 0.369141 0.598958 0.058594 0.114583
0 0.218750 0.647569 0.070312 0.128472
0 0.305664 0.486111 0.029297 0.076389
0 0.343750 0.473958 0.019531 0.079861
0 0.375977 0.467014 0.017578 0.093750
0 0.404297 0.458333 0.019531 0.090278
0 0.494141 0.420139 0.015625 0.076389
0 0.476562 0.359375 0.011719 0.045139
