0 0.228516 0.897569 0.085938 0.204861
0 0.607422 0.748264 0.042969 0.156250
0 0.869141 0.642361 0.039062 0.125000
0 0.636719 0.451389 0.046875 0.076389
0 0.751953 0.456597 0.046875 0.072917
0 0.808594 0.423611 0.046875 0.083333
0 0.880859 0.454861 0.050781 0.083333
0 0.305664 0.651042 0.044922 0.128472
0 0.480469 0.519097 0.023438 0.093750
0 0.420898 0.543403 0.029297 0.093750
0 0.356445 0.539931 0.025391 0.100694
0 0.268555 0.538194 0.033203 0.104167
0 0.227539 0.532986 0.033203 0.107639
0 0.163086 0.564236 0.037109 0.100694
0 0.285156 0.484375 0.023438 0.079861
0 0.327148 0.465278 0.021484 0.083333
0 0.374023 0.479167 0.017578 0.076389
0 0.397461 0.489583 0.017578 0.090278
0 0.449219 0.399306 0.015625 0.062500
0 0.685547 0.413194 0.035156 0.055556
1 0.486328 0.416667 0.046875 0.076389
1 0.501953 0.369792 0.039062 0.052083
1 0.602539 0.324653 0.033203 0.045139
1 0.604492 0.277778 0.025391 0.034722
1 0.558594 0.274306 0.023438 0.034722
1 0.482422 0.329861 0.031250 0.055556
1 0.510742 0.315972 0.025391 0.041667
