0 0.689453 0.854167 0.035156 0.159722
0 0.560547 0.779514 0.035156 0.142361
0 0.434570 0.828125 0.037109 0.156250
0 0.222656 0.782986 0.054688 0.170139
0 0.327148 0.644097 0.033203 0.114583
0 0.268555 0.637153 0.033203 0.121528
0 0.375977 0.560764 0.029297 0.107639
0 0.872070 0.451389 0.048828 0.076389
0 0.813477 0.430556 0.044922 0.062500
0 0.435547 0.467014 0.019531 0.065972
0 0.323242 0.546875 0.025391 0.093750
0 0.334961 0.439236 0.013672 0.065972
0 0.368164 0.468750 0.017578 0.076389
0 0.505859 0.921875 0.050781 0.156250
1 0.617188 0.336806 0.039062 0.041667
1 0.482422 0.416667 0.050781 0.083333
1 0.509766 0.369792 0.035156 0.052083
0 0.146484 0.637153 0.035156 0.107639
3 0.535156 0.539931 0.117188 0.190972
