1 0.499023 0.383681 0.044922 0.065972
1 0.513672 0.345486 0.031250 0.038194
0 0.346680 0.888889 0.103516 0.159722
0 0.585938 0.788194 0.066406 0.152778
0 0.361328 0.645833 0.050781 0.125000
0 0.645508 0.482639 0.037109 0.076389
0 0.294922 0.519097 0.050781 0.072917
0 0.399414 0.434028 0.013672 0.062500
0 0.302734 0.420139 0.019531 0.055556
0 0.346680 0.477431 0.017578 0.079861
0 0.374023 0.413194 0.013672 0.055556
0 0.353516 0.414931 0.011719 0.052083
0 0.878906 0.423611 0.031250 0.055556
0 0.697266 0.354167 0.023438 0.041667
