1 0.516602 0.354167 0.041016 0.069444
1 0.603516 0.314236 0.027344 0.038194
1 0.549805 0.284722 0.025391 0.034722
0 0.612305 0.701389 0.033203 0.138889
0 0.528320 0.750000 0.041016 0.152778
0 0.246094 0.647569 0.042969 0.142361
0 0.067383 0.704861 0.076172 0.152778
0 0.177734 0.515625 0.031250 0.086806
0 0.371094 0.498264 0.027344 0.086806
0 0.416016 0.383681 0.015625 0.059028
0 0.592773 0.609375 0.029297 0.114583
0 0.674805 0.425347 0.037109 0.072917
0 0.744141 0.465278 0.050781 0.083333
0 0.882812 0.463542 0.050781 0.072917
0 0.723633 0.362847 0.029297 0.065972
