1 0.494141 0.571181 0.117188 0.149306
1 0.554688 0.472222 0.050781 0.090278
1 0.576172 0.399306 0.046875 0.076389
1 0.432617 0.423611 0.052734 0.083333
1 0.610352 0.258681 0.021484 0.031250
1 0.532227 0.326389 0.029297 0.048611
0 0.838867 0.640625 0.052734 0.121528
0 0.605469 0.732639 0.035156 0.138889
0 0.524414 0.930556 0.044922 0.138889
0 0.356445 0.605903 0.029297 0.121528
0 0.409180 0.534722 0.025391 0.104167
0 0.397461 0.467014 0.017578 0.079861
0 0.362305 0.484375 0.017578 0.093750
0 0.316406 0.548611 0.019531 0.090278
0 0.297852 0.482639 0.052734 0.097222
0 0.254883 0.479167 0.021484 0.076389
0 0.247070 0.623264 0.033203 0.107639
0 0.166992 0.659722 0.048828 0.138889
0 0.070312 0.711806 0.058594 0.138889
0 0.089844 0.625000 0.046875 0.111111
