0 0.122070 0.706597 0.083984 0.149306
0 0.604492 0.633681 0.044922 0.121528
0 0.659180 0.487847 0.025391 0.086806
0 0.716797 0.449653 0.023438 0.086806
0 0.537109 0.397569 0.015625 0.059028
0 0.410156 0.453125 0.019531 0.072917
0 0.203125 0.534722 0.027344 0.090278
0 0.242188 0.510417 0.023438 0.090278
0 0.864258 0.395833 0.041016 0.062500
0 0.780273 0.385417 0.033203 0.048611
0 0.607422 0.347222 0.011719 0.041667
0 0.628906 0.333333 0.011719 0.034722
0 0.415039 0.355903 0.013672 0.045139
0 0.330078 0.487847 0.023438 0.079861
0 0.288086 0.500000 0.021484 0.069444
1 0.416992 0.678819 0.166016 0.197917
1 0.434570 0.414931 0.044922 0.072917
1 0.503906 0.375000 0.046875 0.076389
2 0.541016 0.286458 0.042969 0.079861
0 0.301758 0.416667 0.017578 0.048611
0 0.374023 0.458333 0.017578 0.069444
