1 0.143555 0.940972 0.283203 0.118056
1 0.780273 0.394097 0.103516 0.072917
1 0.600586 0.331597 0.037109 0.045139
1 0.500000 0.387153 0.039062 0.059028
0 0.139648 0.736111 0.091797 0.145833
0 0.474609 0.680556 0.054688 0.131944
0 0.581055 0.887153 0.068359 0.149306
0 0.654297 0.734375 0.054688 0.121528
0 0.831055 0.640625 0.041016 0.114583
0 0.689453 0.553819 0.027344 0.093750
0 0.718750 0.631944 0.039062 0.111111
0 0.754883 0.743056 0.052734 0.125000
0 0.271484 0.493056 0.027344 0.090278
0 0.570312 0.512153 0.039062 0.086806
0 0.500000 0.500000 0.039062 0.076389
0 0.447266 0.395833 0.015625 0.055556
0 0.389648 0.378472 0.017578 0.041667
0 0.426758 0.467014 0.013672 0.059028
0 0.399414 0.472222 0.017578 0.069444
0 0.320312 0.473958 0.015625 0.079861
0 0.350586 0.475694 0.017578 0.076389
0 0.535156 0.392361 0.015625 0.055556
0 0.633789 0.336806 0.009766 0.034722
0 0.703125 0.355903 0.015625 0.045139
0 0.972656 0.519097 0.035156 0.072917
0 0.857422 0.552083 0.042969 0.069444
