1 0.480469 0.854167 0.140625 0.263889
1 0.054688 0.798611 0.105469 0.194444
1 0.524414 0.515625 0.080078 0.114583
1 0.407227 0.559028 0.087891 0.131944
0 0.197266 0.687500 0.046875 0.138889
0 0.133789 0.649306 0.041016 0.125000
0 0.271484 0.522569 0.027344 0.093750
0 0.350586 0.435764 0.021484 0.072917
0 0.628906 0.545139 0.027344 0.090278
0 0.680664 0.480903 0.021484 0.093750
0 0.730469 0.414931 0.031250 0.072917
0 0.625977 0.444444 0.017578 0.076389
0 0.600586 0.449653 0.017578 0.065972
0 0.554688 0.435764 0.015625 0.065972
0 0.569336 0.414931 0.013672 0.072917
0 0.455078 0.368056 0.015625 0.055556
0 0.611328 0.376736 0.011719 0.059028
0 0.580078 0.375000 0.011719 0.055556
0 0.596680 0.387153 0.013672 0.052083
0 0.760742 0.373264 0.025391 0.052083
0 0.519531 0.322917 0.011719 0.041667
