1 0.445312 0.401042 0.042969 0.065972
1 0.504883 0.378472 0.041016 0.062500
1 0.542969 0.312500 0.027344 0.041667
2 0.673828 0.434028 0.078125 0.222222
0 0.752930 0.487847 0.021484 0.086806
0 0.568359 0.388889 0.019531 0.062500
0 0.535156 0.427083 0.015625 0.055556
0 0.408203 0.510417 0.042969 0.090278
0 0.085938 0.710069 0.082031 0.142361
0 0.216797 0.512153 0.023438 0.079861
0 0.270508 0.494792 0.021484 0.086806
0 0.306641 0.482639 0.027344 0.083333
0 0.374023 0.463542 0.017578 0.079861
0 0.344727 0.475694 0.021484 0.083333
0 0.330078 0.446181 0.015625 0.072917
0 0.401367 0.458333 0.017578 0.069444
