0 0.597656 0.557292 0.058594 0.100694
0 0.661133 0.517361 0.029297 0.090278
0 0.576172 0.494792 0.046875 0.079861
0 0.545898 0.444444 0.033203 0.076389
0 0.506836 0.407986 0.013672 0.065972
0 0.442383 0.427083 0.021484 0.069444
0 0.396484 0.411458 0.015625 0.065972
0 0.338867 0.449653 0.017578 0.079861
0 0.425781 0.411458 0.011719 0.065972
0 0.448242 0.376736 0.013672 0.052083
0 0.643555 0.296875 0.013672 0.038194
0 0.616211 0.315972 0.009766 0.034722
1 0.430664 0.885417 0.169922 0.229167
1 0.241211 0.776042 0.146484 0.225694
1 0.588867 0.397569 0.044922 0.065972
1 0.586914 0.350694 0.033203 0.048611
1 0.595703 0.300347 0.023438 0.045139
2 0.208008 0.576389 0.232422 0.312500
