0 0.251953 0.559028 0.027344 0.097222
0 0.305664 0.592014 0.033203 0.093750
0 0.319336 0.496528 0.021484 0.083333
0 0.335938 0.432292 0.019531 0.059028
0 0.411133 0.435764 0.017578 0.072917
0 0.396484 0.402778 0.011719 0.055556
0 0.417969 0.364583 0.011719 0.041667
0 0.622070 0.423611 0.013672 0.055556
0 0.640625 0.381944 0.011719 0.048611
0 0.665039 0.352431 0.013672 0.059028
0 0.836914 0.397569 0.041016 0.045139
0 0.975586 0.413194 0.041016 0.069444
0 0.498047 0.373264 0.011719 0.052083
0 0.613281 0.350694 0.007812 0.048611
0 0.547852 0.336806 0.009766 0.041667
1 0.503906 0.638889 0.089844 0.159722
1 0.334961 0.697917 0.123047 0.187500
1 0.059570 0.781250 0.115234 0.194444
1 0.462891 0.453125 0.062500 0.107639
1 0.583008 0.390625 0.044922 0.072917
1 0.594727 0.314236 0.025391 0.038194
