0 0.786133 0.656250 0.048828 0.118056
0 0.731445 0.750000 0.048828 0.145833
0 0.394531 0.659722 0.066406 0.131944
0 0.215820 0.710069 0.080078 0.135417
0 0.325195 0.465278 0.021484 0.090278
0 0.174805 0.625000 0.064453 0.125000
0 0.351562 0.473958 0.023438 0.079861
0 0.398438 0.465278 0.019531 0.083333
0 0.500000 0.508681 0.039062 0.093750
0 0.541992 0.506944 0.037109 0.090278
0 0.625977 0.435764 0.025391 0.072917
0 0.692383 0.494792 0.037109 0.079861
0 0.765625 0.453125 0.039062 0.072917
0 0.858398 0.473958 0.029297 0.079861
0 0.420898 0.364583 0.013672 0.048611
0 0.457031 0.366319 0.015625 0.052083
0 0.489258 0.347222 0.013672 0.041667
1 0.533203 0.321181 0.027344 0.045139
1 0.648438 0.246528 0.015625 0.027778
0 0.944336 0.418403 0.025391 0.065972
