3 0.806641 0.375000 0.187500 0.131944
3 0.138672 0.717014 0.230469 0.239583
0 0.525391 0.890625 0.093750 0.177083
0 0.298828 0.706597 0.078125 0.149306
0 0.050781 0.883681 0.097656 0.156250
0 0.427734 0.571181 0.050781 0.121528
0 0.524414 0.529514 0.037109 0.100694
0 0.536133 0.720486 0.048828 0.142361
0 0.605469 0.567708 0.027344 0.107639
0 0.751953 0.621528 0.046875 0.111111
0 0.798828 0.668403 0.050781 0.114583
0 0.825195 0.486111 0.048828 0.083333
0 0.780273 0.472222 0.041016 0.083333
0 0.648438 0.338542 0.023438 0.052083
0 0.946289 0.435764 0.029297 0.065972
0 0.333984 0.484375 0.023438 0.086806
0 0.345703 0.451389 0.015625 0.069444
0 0.373047 0.475694 0.019531 0.076389
0 0.393555 0.456597 0.017578 0.086806
0 0.417969 0.453125 0.015625 0.079861
0 0.531250 0.404514 0.011719 0.065972
0 0.470703 0.333333 0.011719 0.048611
0 0.494141 0.345486 0.011719 0.045139
0 0.543945 0.350694 0.013672 0.048611
0 0.526367 0.336806 0.009766 0.048611
0 0.511719 0.333333 0.011719 0.041667
0 0.621094 0.296875 0.011719 0.045139
1 0.579102 0.244792 0.017578 0.031250
1 0.652344 0.276042 0.019531 0.031250
1 0.503906 0.388889 0.039062 0.055556
