1 0.461914 0.815972 0.123047 0.236111
1 0.585938 0.371528 0.035156 0.076389
1 0.600586 0.288194 0.021484 0.034722
1 0.611328 0.246528 0.015625 0.027778
0 0.608398 0.574653 0.029297 0.100694
0 0.564453 0.597222 0.027344 0.111111
0 0.587891 0.501736 0.019531 0.086806
0 0.621094 0.456597 0.019531 0.072917
0 0.625000 0.395833 0.015625 0.055556
0 0.498047 0.482639 0.019531 0.090278
0 0.531250 0.418403 0.015625 0.072917
0 0.544922 0.394097 0.011719 0.059028
0 0.625000 0.329861 0.015625 0.048611
0 0.789062 0.378472 0.031250 0.055556
0 0.848633 0.394097 0.037109 0.059028
0 0.892578 0.414931 0.027344 0.065972
0 0.982422 0.440972 0.035156 0.076389
