0 0.503906 0.682292 0.058594 0.135417
0 0.233398 0.868056 0.107422 0.194444
0 0.075195 0.666667 0.064453 0.131944
0 0.711914 0.397569 0.017578 0.059028
0 0.517578 0.585069 0.039062 0.086806
0 0.383789 0.467014 0.017578 0.079861
0 0.330078 0.484375 0.019531 0.079861
0 0.283203 0.491319 0.023438 0.079861
0 0.309570 0.479167 0.013672 0.083333
0 0.589844 0.475694 0.027344 0.069444
0 0.569336 0.524306 0.037109 0.083333
0 0.530273 0.406250 0.017578 0.055556
0 0.556641 0.305556 0.011719 0.034722
0 0.765625 0.369792 0.023438 0.052083
1 0.237305 0.765625 0.197266 0.184028
1 0.443359 0.581597 0.089844 0.128472
1 0.528320 0.475694 0.064453 0.083333
1 0.576172 0.392361 0.039062 0.055556
1 0.854492 0.440972 0.107422 0.097222
1 0.431641 0.387153 0.050781 0.072917
1 0.491211 0.392361 0.041016 0.062500
1 0.520508 0.350694 0.033203 0.055556
1 0.661133 0.357639 0.060547 0.062500
1 0.608398 0.281250 0.017578 0.027778
