2 0.249023 0.684028 0.279297 0.458333
1 0.474609 0.746528 0.105469 0.187500
1 0.542969 0.498264 0.070312 0.121528
1 0.594727 0.340278 0.033203 0.055556
1 0.599609 0.293403 0.023438 0.038194
1 0.611328 0.253472 0.019531 0.027778
0 0.643555 0.927083 0.056641 0.145833
0 0.621094 0.557292 0.031250 0.100694
0 0.733398 0.480903 0.060547 0.086806
0 0.611328 0.432292 0.035156 0.065972
0 0.714844 0.359375 0.019531 0.052083
0 0.840820 0.387153 0.033203 0.059028
0 0.448242 0.352431 0.013672 0.045139
0 0.303711 0.420139 0.025391 0.062500
0 0.016602 0.828125 0.029297 0.135417
0 0.552734 0.345486 0.019531 0.052083
0 0.527344 0.331597 0.027344 0.065972
0 0.489258 0.315972 0.013672 0.034722
0 0.644531 0.315972 0.011719 0.034722
0 0.662109 0.319444 0.011719 0.041667
