0 0.772461 0.684028 0.048828 0.125000
0 0.837891 0.578125 0.035156 0.093750
0 0.608398 0.515625 0.021484 0.086806
0 0.330078 0.546875 0.027344 0.100694
0 0.185547 0.776042 0.054688 0.170139
0 0.044922 0.871528 0.085938 0.194444
0 0.591797 0.399306 0.031250 0.062500
0 0.658203 0.418403 0.035156 0.059028
0 0.726562 0.430556 0.042969 0.069444
0 0.830078 0.489583 0.046875 0.069444
0 0.867188 0.460069 0.042969 0.065972
0 0.778320 0.451389 0.048828 0.076389
0 0.461914 0.397569 0.013672 0.045139
0 0.448242 0.359375 0.009766 0.038194
0 0.475586 0.352431 0.013672 0.045139
0 0.706055 0.362847 0.021484 0.038194
0 0.597656 0.288194 0.023438 0.048611
1 0.513672 0.572917 0.078125 0.145833
