0 0.583008 0.704861 0.072266 0.180556
0 0.470703 0.833333 0.042969 0.166667
0 0.567383 0.894097 0.044922 0.156250
0 0.674805 0.833333 0.041016 0.180556
0 0.769531 0.703125 0.046875 0.135417
0 0.648438 0.543403 0.019531 0.093750
0 0.685547 0.508681 0.015625 0.086806
0 0.663086 0.446181 0.017578 0.065972
0 0.620117 0.444444 0.013672 0.069444
0 0.631836 0.387153 0.013672 0.052083
0 0.816406 0.432292 0.046875 0.072917
0 0.115234 0.763889 0.089844 0.138889
0 0.175781 0.649306 0.042969 0.111111
0 0.316406 0.434028 0.015625 0.062500
0 0.182617 0.560764 0.033203 0.093750
0 0.592773 0.366319 0.013672 0.052083
0 0.732422 0.427083 0.035156 0.069444
1 0.537109 0.555556 0.074219 0.118056
1 0.416016 0.559028 0.089844 0.152778
1 0.295898 0.593750 0.111328 0.152778
1 0.116211 0.895833 0.228516 0.208333
1 0.515625 0.371528 0.039062 0.055556
1 0.428711 0.425347 0.048828 0.072917
1 0.367188 0.475694 0.078125 0.104167
2 0.466797 0.350694 0.046875 0.090278
1 0.606445 0.286458 0.025391 0.031250
2 0.584961 0.218750 0.021484 0.041667
