0 0.862305 0.635417 0.044922 0.118056
0 0.794922 0.663194 0.039062 0.118056
0 0.772461 0.590278 0.041016 0.097222
0 0.524414 0.586806 0.033203 0.111111
0 0.412109 0.935764 0.101562 0.128472
0 0.850586 0.388889 0.037109 0.048611
0 0.780273 0.380208 0.037109 0.045139
0 0.530273 0.409722 0.013672 0.062500
0 0.435547 0.472222 0.019531 0.069444
0 0.458008 0.423611 0.017578 0.069444
0 0.271484 0.494792 0.019531 0.072917
0 0.391602 0.454861 0.017578 0.076389
0 0.439453 0.378472 0.011719 0.055556
0 0.470703 0.366319 0.011719 0.052083
0 0.320312 0.463542 0.015625 0.079861
0 0.342773 0.467014 0.013672 0.079861
0 0.378906 0.375000 0.015625 0.048611
0 0.548828 0.368056 0.015625 0.055556
0 0.706055 0.362847 0.029297 0.052083
0 0.640625 0.326389 0.011719 0.041667
1 0.495117 0.402778 0.041016 0.069444
