0 0.289062 0.645833 0.070312 0.125000
0 0.240234 0.519097 0.023438 0.093750
0 0.291992 0.493056 0.021484 0.083333
0 0.328125 0.479167 0.019531 0.097222
0 0.360352 0.472222 0.017578 0.090278
0 0.416992 0.475694 0.021484 0.083333
0 0.398438 0.460069 0.015625 0.086806
0 0.379883 0.432292 0.017578 0.079861
0 0.788086 0.446181 0.029297 0.079861
0 0.626953 0.326389 0.015625 0.048611
0 0.680664 0.335069 0.021484 0.052083
0 0.884766 0.399306 0.046875 0.069444
0 0.437500 0.364583 0.011719 0.055556
0 0.453125 0.352431 0.011719 0.052083
0 0.544922 0.368056 0.015625 0.062500
0 0.524414 0.387153 0.025391 0.059028
1 0.393555 0.682292 0.166016 0.218750
1 0.482422 0.406250 0.058594 0.083333
1 0.970703 0.421875 0.058594 0.065972
0 0.787109 0.378472 0.066406 0.062500
