0 0.740234 0.706597 0.054688 0.121528
0 0.666992 0.802083 0.064453 0.166667
0 0.471680 0.720486 0.060547 0.135417
0 0.382812 0.684028 0.074219 0.138889
0 0.264648 0.734375 0.072266 0.142361
0 0.183594 0.720486 0.082031 0.149306
0 0.183594 0.498264 0.023438 0.079861
0 0.287109 0.496528 0.023438 0.083333
0 0.330078 0.482639 0.023438 0.083333
0 0.373047 0.454861 0.023438 0.076389
0 0.410156 0.451389 0.019531 0.083333
0 0.494141 0.524306 0.046875 0.090278
0 0.579102 0.482639 0.041016 0.083333
0 0.616211 0.513889 0.041016 0.090278
0 0.688477 0.512153 0.037109 0.086806
0 0.668945 0.467014 0.041016 0.079861
0 0.760742 0.475694 0.041016 0.076389
0 0.727539 0.428819 0.037109 0.072917
0 0.536133 0.397569 0.013672 0.059028
0 0.409180 0.371528 0.017578 0.048611
0 0.457031 0.357639 0.011719 0.041667
0 0.561523 0.373264 0.013672 0.052083
0 0.632812 0.314236 0.015625 0.038194
0 0.850586 0.423611 0.037109 0.062500
0 0.887695 0.407986 0.037109 0.059028
0 0.479492 0.324653 0.013672 0.038194
1 0.502930 0.371528 0.044922 0.069444
1 0.555664 0.263889 0.025391 0.034722
1 0.616211 0.237847 0.013672 0.024306
1 0.651367 0.265625 0.021484 0.031250
1 0.967773 0.427083 0.064453 0.076389
