1 0.407227 0.892361 0.197266 0.215278
1 0.541016 0.553819 0.066406 0.107639
2 0.408203 0.503472 0.128906 0.250000
2 0.479492 0.307292 0.056641 0.100694
2 0.586914 0.366319 0.072266 0.135417
2 0.597656 0.284722 0.035156 0.062500
0 0.152344 0.722222 0.058594 0.145833
0 0.224609 0.598958 0.039062 0.107639
0 0.297852 0.498264 0.025391 0.086806
0 0.619141 0.663194 0.023438 0.125000
0 0.615234 0.565972 0.023438 0.104167
0 0.514648 0.451389 0.017578 0.076389
0 0.626953 0.487847 0.015625 0.072917
0 0.698242 0.375000 0.021484 0.048611
0 0.748047 0.371528 0.027344 0.048611
0 0.652344 0.307292 0.011719 0.038194
0 0.362305 0.425347 0.021484 0.059028
0 0.527344 0.383681 0.015625 0.059028
1 0.653320 0.265625 0.017578 0.031250
