3 0.376953 0.739583 0.148438 0.305556
1 0.257812 0.440972 0.074219 0.111111
1 0.209961 0.312500 0.044922 0.069444
1 0.281250 0.276042 0.042969 0.052083
1 0.226562 0.201389 0.023438 0.034722
1 0.153320 0.196181 0.017578 0.031250
1 0.166992 0.178819 0.017578 0.031250
0 0.666016 0.637153 0.050781 0.135417
0 0.513672 0.482639 0.035156 0.097222
0 0.486328 0.418403 0.019531 0.072917
0 0.416992 0.354167 0.017578 0.062500
0 0.367188 0.342014 0.019531 0.065972
0 0.401367 0.300347 0.013672 0.045139
0 0.245117 0.651042 0.033203 0.142361
0 0.186523 0.638889 0.048828 0.138889
0 0.062500 0.630208 0.058594 0.121528
0 0.129883 0.500000 0.025391 0.090278
0 0.173828 0.496528 0.031250 0.097222
0 0.162109 0.420139 0.019531 0.076389
0 0.129883 0.314236 0.013672 0.052083
