0 0.255859 0.663194 0.031250 0.131944
0 0.207031 0.772569 0.035156 0.149306
0 0.056641 0.668403 0.039062 0.093750
0 0.134766 0.628472 0.031250 0.118056
0 0.113281 0.916667 0.042969 0.166667
0 0.202148 0.607639 0.029297 0.104167
0 0.248047 0.541667 0.027344 0.097222
0 0.256836 0.477431 0.017578 0.079861
0 0.241211 0.442708 0.013672 0.072917
0 0.207031 0.425347 0.015625 0.072917
0 0.227539 0.371528 0.013672 0.069444
0 0.198242 0.338542 0.013672 0.052083
0 0.183594 0.473958 0.019531 0.086806
0 0.124023 0.501736 0.021484 0.086806
0 0.160156 0.435764 0.019531 0.065972
0 0.128906 0.362847 0.007812 0.059028
0 0.123047 0.435764 0.019531 0.059028
0 0.253906 0.244792 0.019531 0.038194
0 0.560547 0.458333 0.023438 0.069444
0 0.502930 0.435764 0.025391 0.072917
0 0.541016 0.387153 0.015625 0.052083
0 0.460938 0.366319 0.015625 0.052083
0 0.290039 0.317708 0.009766 0.045139
0 0.385742 0.354167 0.017578 0.048611
0 0.122070 0.286458 0.009766 0.045139
1 0.443359 0.527778 0.101562 0.125000
1 0.375977 0.420139 0.060547 0.076389
1 0.326172 0.345486 0.054688 0.072917
1 0.171875 0.203125 0.019531 0.038194
