0 0.297852 0.855903 0.037109 0.163194
0 0.211914 0.687500 0.029297 0.125000
0 0.205078 0.852431 0.046875 0.184028
0 0.711914 0.743056 0.052734 0.145833
0 0.668945 0.430556 0.029297 0.076389
0 0.580078 0.567708 0.035156 0.100694
0 0.602539 0.446181 0.017578 0.072917
0 0.514648 0.439236 0.025391 0.072917
0 0.548828 0.434028 0.023438 0.076389
0 0.456055 0.437500 0.017578 0.069444
0 0.475586 0.428819 0.021484 0.065972
0 0.165039 0.307292 0.009766 0.045139
0 0.161133 0.258681 0.009766 0.031250
1 0.490234 0.569444 0.113281 0.131944
1 0.403320 0.449653 0.080078 0.093750
1 0.239258 0.366319 0.048828 0.079861
1 0.196289 0.321181 0.041016 0.059028
1 0.310547 0.324653 0.039062 0.052083
1 0.400391 0.361111 0.050781 0.048611
1 0.345703 0.366319 0.042969 0.059028
1 0.296875 0.223958 0.050781 0.038194
1 0.205078 0.171875 0.015625 0.024306
