0 0.794922 0.687500 0.066406 0.152778
0 0.718750 0.694444 0.058594 0.152778
0 0.700195 0.586806 0.060547 0.118056
0 0.617188 0.543403 0.042969 0.121528
0 0.081055 0.595486 0.064453 0.163194
0 0.169922 0.508681 0.039062 0.121528
0 0.105469 0.256944 0.015625 0.048611
0 0.495117 0.371528 0.021484 0.055556
0 0.460938 0.331597 0.019531 0.052083
0 0.450195 0.350694 0.013672 0.055556
0 0.360352 0.295139 0.013672 0.048611
3 0.510742 0.557292 0.173828 0.302083
2 0.411133 0.371528 0.072266 0.111111
2 0.317383 0.314236 0.060547 0.100694
1 0.269531 0.463542 0.074219 0.114583
1 0.205078 0.303819 0.046875 0.072917
1 0.260742 0.251736 0.037109 0.052083
1 0.139648 0.241319 0.029297 0.045139
