0 0.246094 0.706597 0.035156 0.149306
0 0.186523 0.713542 0.037109 0.149306
0 0.260742 0.559028 0.033203 0.125000
0 0.190430 0.564236 0.033203 0.114583
0 0.145508 0.517361 0.025391 0.111111
0 0.101562 0.607639 0.027344 0.125000
0 0.026367 0.914931 0.048828 0.170139
0 0.782227 0.647569 0.052734 0.135417
0 0.674805 0.638889 0.056641 0.131944
0 0.577148 0.477431 0.037109 0.093750
0 0.532227 0.449653 0.033203 0.086806
0 0.485352 0.437500 0.025391 0.076389
0 0.508789 0.361111 0.025391 0.069444
0 0.506836 0.418403 0.021484 0.065972
0 0.470703 0.331597 0.019531 0.059028
0 0.443359 0.366319 0.023438 0.065972
0 0.138672 0.354167 0.023438 0.062500
0 0.190430 0.484375 0.021484 0.079861
0 0.329102 0.236111 0.029297 0.034722
0 0.325195 0.284722 0.013672 0.041667
0 0.345703 0.274306 0.011719 0.034722
0 0.116211 0.194444 0.013672 0.034722
1 0.376953 0.807292 0.136719 0.288194
1 0.634766 0.786458 0.183594 0.288194
1 0.484375 0.553819 0.109375 0.121528
1 0.414062 0.456597 0.089844 0.093750
1 0.359375 0.380208 0.062500 0.072917
1 0.247070 0.395833 0.064453 0.097222
1 0.307617 0.329861 0.044922 0.055556
1 0.269531 0.211806 0.050781 0.034722
1 0.143555 0.201389 0.025391 0.041667
1 0.176758 0.201389 0.021484 0.041667
1 0.232422 0.190972 0.023438 0.034722
