1 0.729492 0.883681 0.232422 0.232639
1 0.389648 0.439236 0.072266 0.093750
1 0.340820 0.364583 0.064453 0.076389
1 0.311523 0.215278 0.052734 0.041667
1 0.178711 0.204861 0.025391 0.034722
1 0.165039 0.182292 0.017578 0.024306
0 0.862305 0.845486 0.087891 0.197917
0 0.626953 0.526042 0.035156 0.107639
0 0.547852 0.439236 0.025391 0.079861
0 0.503906 0.428819 0.027344 0.086806
0 0.641602 0.354167 0.013672 0.069444
0 0.267578 0.791667 0.046875 0.166667
0 0.112305 0.805556 0.048828 0.180556
0 0.244141 0.598958 0.035156 0.121528
0 0.186523 0.572917 0.033203 0.131944
0 0.231445 0.454861 0.029297 0.090278
0 0.131836 0.451389 0.025391 0.090278
0 0.117188 0.350694 0.023438 0.069444
0 0.176758 0.366319 0.017578 0.059028
0 0.181641 0.295139 0.015625 0.048611
0 0.213867 0.298611 0.029297 0.069444
