1 0.584961 0.710069 0.166016 0.197917
1 0.464844 0.550347 0.113281 0.142361
1 0.400391 0.454861 0.082031 0.097222
1 0.358398 0.395833 0.064453 0.083333
1 0.322266 0.343750 0.039062 0.062500
3 0.825195 0.873264 0.349609 0.253472
0 0.794922 0.604167 0.058594 0.118056
0 0.704102 0.605903 0.052734 0.121528
0 0.474609 0.449653 0.027344 0.059028
0 0.187500 0.545139 0.031250 0.111111
0 0.074219 0.607639 0.070312 0.111111
0 0.150391 0.454861 0.019531 0.097222
0 0.134766 0.378472 0.019531 0.062500
0 0.181641 0.413194 0.019531 0.083333
0 0.209961 0.373264 0.017578 0.065972
0 0.231445 0.317708 0.017578 0.052083
0 0.250000 0.279514 0.015625 0.038194
0 0.509766 0.402778 0.019531 0.069444
0 0.129883 0.262153 0.013672 0.045139
0 0.116211 0.256944 0.009766 0.041667
