0 0.195312 0.697917 0.039062 0.145833
0 0.786133 0.638889 0.048828 0.125000
0 0.880859 0.885417 0.093750 0.180556
0 0.663086 0.635417 0.041016 0.111111
0 0.634766 0.527778 0.035156 0.090278
0 0.553711 0.503472 0.029297 0.083333
0 0.479492 0.390625 0.021484 0.065972
0 0.141602 0.406250 0.013672 0.062500
0 0.187500 0.368056 0.015625 0.055556
0 0.122070 0.342014 0.013672 0.052083
0 0.111328 0.269097 0.011719 0.038194
0 0.229492 0.227431 0.009766 0.031250
0 0.510742 0.371528 0.017578 0.062500
0 0.553711 0.428819 0.021484 0.065972
0 0.430664 0.369792 0.021484 0.059028
0 0.398438 0.342014 0.015625 0.052083
0 0.374023 0.328125 0.013672 0.052083
1 0.188477 0.229167 0.021484 0.034722
1 0.699219 0.864583 0.214844 0.270833
1 0.555664 0.647569 0.119141 0.156250
1 0.444336 0.506944 0.087891 0.104167
1 0.367188 0.404514 0.062500 0.079861
1 0.322266 0.331597 0.050781 0.059028
