1 0.356445 0.612847 0.103516 0.190972
1 0.708008 0.871528 0.220703 0.256944
1 0.471680 0.553819 0.107422 0.128472
1 0.402344 0.456597 0.070312 0.086806
1 0.359375 0.381944 0.062500 0.069444
1 0.321289 0.338542 0.037109 0.052083
0 0.625000 0.491319 0.023438 0.086806
0 0.787109 0.741319 0.058594 0.142361
0 0.582031 0.484375 0.019531 0.086806
0 0.534180 0.480903 0.025391 0.079861
0 0.308594 0.810764 0.042969 0.184028
0 0.147461 0.868056 0.033203 0.180556
0 0.236328 0.585069 0.027344 0.107639
0 0.179688 0.592014 0.031250 0.107639
0 0.075195 0.609375 0.056641 0.107639
0 0.258789 0.423611 0.017578 0.083333
0 0.174805 0.496528 0.021484 0.076389
0 0.185547 0.435764 0.019531 0.059028
0 0.195312 0.364583 0.011719 0.055556
0 0.135742 0.380208 0.017578 0.065972
0 0.276367 0.276042 0.009766 0.045139
0 0.135742 0.321181 0.013672 0.038194
0 0.466797 0.440972 0.023438 0.069444
0 0.482422 0.312500 0.015625 0.048611
0 0.459961 0.371528 0.013672 0.048611
0 0.533203 0.399306 0.019531 0.062500
