0 0.726562 0.583333 0.039062 0.111111
0 0.633789 0.671875 0.041016 0.135417
0 0.583984 0.803819 0.050781 0.149306
0 0.478516 0.418403 0.019531 0.065972
0 0.500977 0.373264 0.017578 0.065972
0 0.452148 0.371528 0.013672 0.062500
0 0.412109 0.317708 0.015625 0.052083
0 0.375977 0.319444 0.009766 0.048611
0 0.212891 0.522569 0.019531 0.079861
0 0.150391 0.534722 0.019531 0.097222
0 0.200195 0.383681 0.013672 0.052083
0 0.123047 0.348958 0.015625 0.059028
0 0.151367 0.309028 0.013672 0.048611
0 0.155273 0.456597 0.017578 0.052083
0 0.155273 0.395833 0.013672 0.041667
0 0.356445 0.288194 0.009766 0.041667
0 0.280273 0.282986 0.013672 0.031250
0 0.233398 0.335069 0.013672 0.045139
2 0.181641 0.126736 0.019531 0.031250
1 0.155273 0.149306 0.013672 0.020833
1 0.312500 0.215278 0.046875 0.027778
1 0.282227 0.187500 0.037109 0.034722
