1 0.175781 0.201389 0.015625 0.027778
1 0.138672 0.203125 0.015625 0.031250
3 0.443359 0.480903 0.117188 0.204861
3 0.328125 0.326389 0.062500 0.111111
0 0.613281 0.585069 0.039062 0.114583
0 0.313477 0.710069 0.037109 0.135417
0 0.223633 0.621528 0.033203 0.118056
0 0.167969 0.623264 0.031250 0.135417
0 0.041992 0.871528 0.048828 0.173611
0 0.172852 0.937500 0.048828 0.125000
0 0.146484 0.472222 0.019531 0.076389
0 0.204102 0.418403 0.017578 0.072917
0 0.145508 0.387153 0.013672 0.059028
0 0.183594 0.364583 0.011719 0.055556
0 0.129883 0.319444 0.013672 0.048611
0 0.159180 0.263889 0.013672 0.041667
0 0.476562 0.340278 0.015625 0.048611
0 0.539062 0.423611 0.023438 0.062500
0 0.401367 0.335069 0.013672 0.038194
0 0.429688 0.312500 0.011719 0.041667
0 0.205078 0.321181 0.011719 0.052083
0 0.229492 0.300347 0.009766 0.038194
0 0.253906 0.258681 0.015625 0.031250
