0 0.104492 0.555556 0.025391 0.104167
0 0.197266 0.527778 0.019531 0.097222
0 0.154297 0.508681 0.023438 0.079861
0 0.844727 0.777778 0.064453 0.152778
0 0.724609 0.692708 0.050781 0.128472
0 0.610352 0.539931 0.037109 0.093750
0 0.492188 0.454861 0.023438 0.076389
0 0.538086 0.440972 0.021484 0.076389
0 0.579102 0.435764 0.025391 0.072917
0 0.447266 0.387153 0.015625 0.059028
0 0.470703 0.361111 0.011719 0.048611
0 0.403320 0.373264 0.017578 0.059028
0 0.142578 0.352431 0.011719 0.059028
1 0.233398 0.348958 0.044922 0.072917
1 0.437500 0.498264 0.074219 0.100694
1 0.319336 0.333333 0.052734 0.062500
1 0.207031 0.286458 0.035156 0.045139
1 0.277344 0.274306 0.027344 0.041667
1 0.175781 0.220486 0.023438 0.031250
1 0.237305 0.225694 0.025391 0.034722
1 0.166016 0.194444 0.019531 0.027778
1 0.215820 0.196181 0.017578 0.031250
