0 0.760742 0.881944 0.087891 0.201389
0 0.651367 0.649306 0.048828 0.138889
0 0.576172 0.581597 0.042969 0.121528
0 0.537109 0.503472 0.035156 0.090278
0 0.478516 0.435764 0.027344 0.086806
0 0.502930 0.388889 0.025391 0.069444
0 0.441406 0.373264 0.027344 0.072917
0 0.488281 0.343750 0.019531 0.062500
0 0.410156 0.388889 0.023438 0.076389
0 0.244141 0.444444 0.027344 0.083333
0 0.149414 0.546875 0.033203 0.100694
0 0.057617 0.652778 0.037109 0.138889
0 0.163086 0.465278 0.029297 0.090278
0 0.285156 0.319444 0.019531 0.055556
0 0.321289 0.321181 0.017578 0.052083
0 0.218750 0.388889 0.019531 0.062500
0 0.228516 0.328125 0.015625 0.052083
0 0.190430 0.329861 0.017578 0.062500
0 0.208008 0.300347 0.013672 0.045139
0 0.131836 0.362847 0.017578 0.059028
0 0.156250 0.269097 0.011719 0.045139
0 0.249023 0.276042 0.013672 0.052083
0 0.272461 0.246528 0.017578 0.041667
1 0.358398 0.401042 0.056641 0.086806
1 0.396484 0.319444 0.046875 0.062500
1 0.336914 0.250000 0.052734 0.048611
