0 0.874023 0.777778 0.080078 0.138889
0 0.747070 0.770833 0.064453 0.138889
0 0.778320 0.628472 0.041016 0.125000
0 0.739258 0.670139 0.048828 0.090278
0 0.337891 0.579861 0.031250 0.118056
0 0.169922 0.715278 0.031250 0.138889
0 0.178711 0.592014 0.025391 0.107639
0 0.199219 0.468750 0.023438 0.083333
0 0.160156 0.486111 0.023438 0.083333
0 0.123047 0.545139 0.027344 0.097222
0 0.149414 0.409722 0.017578 0.055556
0 0.208008 0.348958 0.009766 0.052083
0 0.137695 0.317708 0.013672 0.052083
0 0.443359 0.350694 0.015625 0.055556
0 0.536133 0.392361 0.017578 0.048611
0 0.408203 0.303819 0.011719 0.038194
0 0.315430 0.331597 0.017578 0.045139
1 0.472656 0.552083 0.105469 0.131944
1 0.381836 0.439236 0.068359 0.072917
1 0.256836 0.418403 0.064453 0.107639
1 0.324219 0.248264 0.054688 0.038194
1 0.238281 0.284722 0.050781 0.048611
1 0.172852 0.208333 0.021484 0.034722
2 0.851562 0.916667 0.296875 0.166667
