0 0.654297 0.663194 0.039062 0.125000
0 0.736328 0.633681 0.046875 0.114583
0 0.697266 0.557292 0.031250 0.093750
0 0.576172 0.496528 0.027344 0.076389
0 0.514648 0.378472 0.017578 0.062500
0 0.275391 0.614583 0.027344 0.104167
0 0.202148 0.637153 0.033203 0.121528
0 0.135742 0.739583 0.033203 0.131944
0 0.242188 0.513889 0.023438 0.083333
0 0.153320 0.907986 0.033203 0.163194
0 0.144531 0.520833 0.035156 0.111111
0 0.224609 0.305556 0.011719 0.041667
0 0.183594 0.361111 0.015625 0.055556
0 0.132812 0.427083 0.019531 0.062500
1 0.446289 0.498264 0.091797 0.107639
1 0.385742 0.414931 0.064453 0.065972
3 0.320312 0.317708 0.054688 0.100694
2 0.118164 0.199653 0.029297 0.059028
