0 0.651367 0.576389 0.052734 0.111111
0 0.219727 0.878472 0.060547 0.208333
0 0.201172 0.621528 0.039062 0.131944
0 0.110352 0.501736 0.029297 0.114583
0 0.190430 0.501736 0.029297 0.086806
0 0.183594 0.402778 0.023438 0.083333
0 0.203125 0.342014 0.019531 0.052083
0 0.121094 0.274306 0.015625 0.048611
0 0.485352 0.470486 0.033203 0.086806
0 0.544922 0.397569 0.023438 0.079861
0 0.492188 0.355903 0.015625 0.065972
0 0.455078 0.395833 0.019531 0.076389
0 0.300781 0.307292 0.015625 0.052083
0 0.360352 0.269097 0.017578 0.038194
1 0.171875 0.204861 0.023438 0.034722
1 0.211914 0.178819 0.017578 0.031250
1 0.426758 0.491319 0.080078 0.128472
1 0.588867 0.737847 0.181641 0.239583
3 0.349609 0.357639 0.062500 0.131944
