0 0.711914 0.657986 0.060547 0.142361
0 0.596680 0.534722 0.033203 0.104167
0 0.554688 0.418403 0.023438 0.079861
0 0.513672 0.460069 0.031250 0.079861
0 0.187500 0.574653 0.039062 0.128472
0 0.136719 0.425347 0.023438 0.086806
0 0.182617 0.345486 0.017578 0.065972
0 0.132812 0.364583 0.015625 0.062500
0 0.106445 0.267361 0.013672 0.055556
0 0.165039 0.279514 0.013672 0.052083
0 0.465820 0.354167 0.017578 0.055556
0 0.416992 0.352431 0.017578 0.059028
0 0.439453 0.338542 0.015625 0.052083
0 0.385742 0.319444 0.017578 0.055556
0 0.398438 0.276042 0.015625 0.045139
0 0.373047 0.282986 0.015625 0.045139
0 0.354492 0.305556 0.013672 0.055556
0 0.375000 0.225694 0.019531 0.034722
0 0.339844 0.237847 0.015625 0.031250
0 0.303711 0.274306 0.013672 0.034722
0 0.320312 0.250000 0.011719 0.034722
0 0.281250 0.256944 0.015625 0.041667
1 0.462891 0.550347 0.089844 0.142361
1 0.381836 0.418403 0.068359 0.086806
1 0.316406 0.328125 0.046875 0.065972
1 0.175781 0.210069 0.031250 0.045139
1 0.159180 0.178819 0.029297 0.031250
0 0.482422 0.461806 0.031250 0.090278
