0 0.756836 0.699653 0.072266 0.142361
0 0.165039 0.439236 0.025391 0.086806
0 0.112305 0.406250 0.017578 0.062500
0 0.128906 0.326389 0.019531 0.062500
0 0.483398 0.354167 0.021484 0.055556
0 0.456055 0.361111 0.025391 0.062500
0 0.437500 0.390625 0.023438 0.059028
0 0.398438 0.286458 0.019531 0.038194
0 0.390625 0.315972 0.015625 0.041667
0 0.107422 0.274306 0.015625 0.048611
0 0.207031 0.248264 0.011719 0.045139
0 0.352539 0.246528 0.009766 0.034722
1 0.234375 0.378472 0.054688 0.090278
1 0.183594 0.309028 0.039062 0.055556
1 0.357422 0.381944 0.066406 0.076389
1 0.288086 0.302083 0.044922 0.069444
1 0.678711 0.822917 0.181641 0.291667
1 0.148438 0.255208 0.031250 0.052083
1 0.178711 0.232639 0.029297 0.041667
0 0.074219 0.611111 0.074219 0.125000
