2 0.469727 0.411458 0.091797 0.142361
1 0.473633 0.921875 0.150391 0.156250
1 0.363281 0.385417 0.058594 0.076389
1 0.310547 0.328125 0.042969 0.059028
1 0.210938 0.178819 0.019531 0.031250
1 0.174805 0.206597 0.017578 0.024306
1 0.143555 0.204861 0.017578 0.034722
0 0.914062 0.852431 0.089844 0.177083
0 0.753906 0.737847 0.050781 0.142361
0 0.580078 0.645833 0.035156 0.111111
0 0.658203 0.552083 0.035156 0.097222
0 0.617188 0.571181 0.035156 0.114583
0 0.558594 0.451389 0.023438 0.076389
0 0.359375 0.664931 0.031250 0.135417
0 0.162109 0.696181 0.039062 0.135417
0 0.021484 0.918403 0.039062 0.163194
0 0.148438 0.411458 0.015625 0.065972
0 0.147461 0.333333 0.013672 0.041667
0 0.313477 0.239583 0.021484 0.027778
2 0.201172 0.121528 0.019531 0.027778
0 0.330078 0.291667 0.007812 0.034722
0 0.358398 0.288194 0.009766 0.034722
0 0.379883 0.321181 0.009766 0.038194
0 0.388672 0.305556 0.007812 0.027778
0 0.363281 0.225694 0.019531 0.027778
