0 0.655273 0.618056 0.052734 0.125000
0 0.566406 0.467014 0.031250 0.086806
0 0.362305 0.314236 0.017578 0.052083
0 0.092773 0.810764 0.048828 0.197917
0 0.122070 0.630208 0.029297 0.128472
0 0.136719 0.519097 0.027344 0.100694
0 0.178711 0.494792 0.021484 0.079861
0 0.170898 0.369792 0.017578 0.052083
0 0.135742 0.402778 0.021484 0.062500
0 0.112305 0.284722 0.013672 0.041667
0 0.150391 0.319444 0.015625 0.048611
0 0.141602 0.276042 0.013672 0.038194
0 0.240234 0.227431 0.019531 0.031250
0 0.329102 0.236111 0.025391 0.034722
0 0.365234 0.243056 0.027344 0.034722
1 0.458984 0.532986 0.097656 0.128472
1 0.356445 0.675347 0.119141 0.246528
1 0.202148 0.652778 0.095703 0.229167
1 0.211914 0.338542 0.048828 0.065972
1 0.193359 0.269097 0.042969 0.059028
1 0.173828 0.222222 0.019531 0.041667
3 0.217773 0.184028 0.029297 0.048611
3 0.190430 0.147569 0.021484 0.038194
