0 0.814453 0.680556 0.050781 0.131944
0 0.557617 0.576389 0.033203 0.111111
0 0.455078 0.383681 0.015625 0.059028
0 0.294922 0.911458 0.042969 0.177083
0 0.193359 0.939236 0.035156 0.121528
0 0.111328 0.564236 0.023438 0.100694
0 0.148438 0.380208 0.015625 0.059028
0 0.121094 0.319444 0.011719 0.041667
0 0.358398 0.255208 0.009766 0.031250
1 0.199219 0.309028 0.039062 0.055556
1 0.332031 0.347222 0.046875 0.069444
1 0.287109 0.272569 0.039062 0.038194
1 0.238281 0.223958 0.023438 0.024306
1 0.192383 0.248264 0.021484 0.031250
1 0.141602 0.229167 0.017578 0.034722
