0 0.778320 0.842014 0.080078 0.184028
0 0.791992 0.652778 0.064453 0.145833
0 0.578125 0.534722 0.039062 0.104167
0 0.452148 0.513889 0.041016 0.118056
0 0.535156 0.421875 0.039062 0.086806
0 0.201172 0.545139 0.023438 0.104167
0 0.130859 0.439236 0.027344 0.086806
0 0.155273 0.355903 0.017578 0.065972
0 0.397461 0.369792 0.017578 0.065972
0 0.446289 0.425347 0.021484 0.072917
0 0.447266 0.362847 0.019531 0.052083
1 0.218750 0.307292 0.035156 0.065972
1 0.296875 0.302083 0.042969 0.055556
1 0.260742 0.265625 0.041016 0.038194
1 0.243164 0.234375 0.025391 0.031250
0 0.640625 0.352431 0.015625 0.065972
