0 0.132812 0.553819 0.042969 0.121528
0 0.240234 0.437500 0.027344 0.090278
0 0.198242 0.475694 0.029297 0.083333
0 0.169922 0.430556 0.023438 0.083333
0 0.119141 0.402778 0.023438 0.076389
0 0.161133 0.359375 0.017578 0.052083
0 0.577148 0.557292 0.048828 0.107639
0 0.552734 0.454861 0.031250 0.090278
0 0.534180 0.380208 0.029297 0.059028
0 0.477539 0.425347 0.037109 0.072917
0 0.438477 0.399306 0.021484 0.076389
0 0.125977 0.274306 0.013672 0.048611
0 0.286133 0.312500 0.013672 0.055556
0 0.399414 0.369792 0.021484 0.059028
1 0.287109 0.664931 0.101562 0.184028
1 0.253906 0.210069 0.039062 0.031250
2 0.168945 0.180556 0.033203 0.083333
1 0.361328 0.387153 0.054688 0.072917
1 0.326172 0.335069 0.046875 0.065972
0 0.402344 0.291667 0.011719 0.034722
0 0.388672 0.317708 0.011719 0.038194
