0 0.590820 0.470486 0.037109 0.086806
0 0.198242 0.848958 0.044922 0.190972
0 0.173828 0.677083 0.031250 0.131944
0 0.111328 0.597222 0.031250 0.131944
0 0.167969 0.453125 0.027344 0.100694
0 0.128906 0.380208 0.023438 0.072917
0 0.421875 0.414931 0.023438 0.079861
0 0.290039 0.279514 0.013672 0.045139
0 0.338867 0.262153 0.025391 0.031250
0 0.112305 0.282986 0.013672 0.038194
0 0.153320 0.276042 0.017578 0.045139
0 0.140625 0.223958 0.007812 0.038194
1 0.607422 0.710069 0.164062 0.239583
1 0.219727 0.342014 0.052734 0.086806
1 0.197266 0.267361 0.039062 0.062500
1 0.219727 0.194444 0.025391 0.041667
