0 0.278320 0.892361 0.060547 0.201389
0 0.125977 0.562500 0.037109 0.118056
0 0.118164 0.421875 0.021484 0.086806
0 0.147461 0.354167 0.025391 0.069444
0 0.175781 0.324653 0.015625 0.059028
0 0.605469 0.564236 0.042969 0.121528
0 0.425781 0.390625 0.019531 0.072917
0 0.377930 0.348958 0.021484 0.065972
0 0.350586 0.276042 0.017578 0.045139
0 0.389648 0.303819 0.017578 0.038194
0 0.223633 0.246528 0.017578 0.041667
1 0.271484 0.470486 0.078125 0.156250
1 0.306641 0.309028 0.046875 0.069444
1 0.267578 0.272569 0.039062 0.059028
1 0.196289 0.284722 0.033203 0.062500
1 0.232422 0.208333 0.027344 0.048611
