0 0.078125 0.607639 0.054688 0.111111
0 0.143555 0.407986 0.017578 0.059028
0 0.115234 0.942708 0.042969 0.114583
0 0.186523 0.380208 0.017578 0.059028
0 0.141602 0.321181 0.013672 0.052083
0 0.461914 0.376736 0.013672 0.059028
0 0.112305 0.262153 0.009766 0.038194
0 0.164062 0.279514 0.007812 0.031250
0 0.330078 0.244792 0.011719 0.031250
0 0.231445 0.251736 0.009766 0.031250
1 0.334961 0.649306 0.091797 0.166667
1 0.304688 0.281250 0.035156 0.055556
1 0.271484 0.232639 0.031250 0.034722
3 0.367188 0.357639 0.062500 0.104167
3 0.223633 0.182292 0.017578 0.052083
2 0.194336 0.121528 0.021484 0.027778
