0 0.684570 0.723958 0.052734 0.156250
0 0.707031 0.911458 0.085938 0.177083
0 0.832031 0.845486 0.089844 0.177083
0 0.780273 0.723958 0.068359 0.135417
0 0.523438 0.451389 0.027344 0.090278
0 0.501953 0.387153 0.023438 0.072917
0 0.448242 0.407986 0.029297 0.079861
0 0.324219 0.895833 0.062500 0.194444
0 0.194336 0.638889 0.041016 0.173611
0 0.250977 0.522569 0.029297 0.114583
0 0.200195 0.460069 0.033203 0.100694
0 0.142578 0.461806 0.027344 0.097222
0 0.151367 0.361111 0.021484 0.090278
0 0.191406 0.329861 0.015625 0.069444
0 0.124023 0.237847 0.013672 0.038194
0 0.301758 0.234375 0.013672 0.038194
0 0.246094 0.234375 0.011719 0.045139
0 0.272461 0.223958 0.009766 0.024306
