1 0.220703 0.326389 0.046875 0.076389
1 0.289062 0.260417 0.062500 0.048611
1 0.239258 0.211806 0.033203 0.034722
1 0.329102 0.335069 0.048828 0.059028
2 0.154297 0.138889 0.019531 0.048611
0 0.293945 0.661458 0.029297 0.142361
0 0.566406 0.534722 0.031250 0.104167
0 0.863281 0.781250 0.082031 0.173611
0 0.347656 0.895833 0.054688 0.208333
0 0.272461 0.798611 0.033203 0.166667
0 0.168945 0.677083 0.041016 0.138889
0 0.181641 0.513889 0.023438 0.104167
0 0.214844 0.449653 0.019531 0.086806
0 0.185547 0.435764 0.019531 0.079861
0 0.142578 0.392361 0.019531 0.069444
0 0.117188 0.277778 0.015625 0.048611
0 0.131836 0.234375 0.009766 0.031250
0 0.536133 0.385417 0.021484 0.069444
0 0.483398 0.324653 0.029297 0.052083
0 0.428711 0.350694 0.021484 0.062500
0 0.082031 0.404514 0.031250 0.065972
1 0.222656 0.177083 0.019531 0.027778
1 0.187500 0.145833 0.015625 0.027778
