0 0.258789 0.588542 0.076172 0.170139
0 0.318359 0.420139 0.074219 0.125000
0 0.285156 0.336806 0.046875 0.097222
0 0.395508 0.383681 0.060547 0.100694
0 0.390625 0.312500 0.054688 0.097222
0 0.490234 0.312500 0.031250 0.090278
0 0.558594 0.463542 0.070312 0.121528
0 0.736328 0.373264 0.054688 0.100694
1 0.138672 0.375000 0.128906 0.145833
0 0.711914 0.864583 0.134766 0.215278
0 0.528320 0.696181 0.111328 0.177083
0 0.519531 0.614583 0.101562 0.152778
0 0.745117 0.508681 0.064453 0.114583
0 0.789062 0.571181 0.085938 0.142361
0 0.800781 0.286458 0.027344 0.072917
0 0.912109 0.256944 0.019531 0.062500
0 0.793945 0.234375 0.021484 0.065972
0 0.821289 0.248264 0.021484 0.072917
0 0.836914 0.194444 0.021484 0.048611
