2 0.830078 0.750000 0.339844 0.500000
1 0.387695 0.364583 0.169922 0.180556
1 0.115234 0.411458 0.167969 0.177083
1 0.093750 0.227431 0.105469 0.114583
0 0.441406 0.631944 0.101562 0.201389
0 0.275391 0.527778 0.089844 0.145833
0 0.542969 0.331597 0.062500 0.093750
0 0.200195 0.355903 0.060547 0.107639
0 0.797852 0.293403 0.029297 0.072917
0 0.867188 0.253472 0.023438 0.062500
0 0.899414 0.234375 0.029297 0.059028
0 0.794922 0.239583 0.015625 0.055556
0 0.813477 0.220486 0.017578 0.045139
0 0.821289 0.253472 0.021484 0.048611
0 0.833984 0.217014 0.011719 0.024306
0 0.844727 0.253472 0.017578 0.069444
