1 0.135742 0.376736 0.123047 0.142361
0 0.280273 0.331597 0.037109 0.100694
0 0.318359 0.420139 0.078125 0.111111
0 0.392578 0.383681 0.054688 0.100694
0 0.389648 0.312500 0.052734 0.083333
0 0.488281 0.312500 0.027344 0.083333
0 0.257812 0.586806 0.089844 0.159722
0 0.564453 0.407986 0.058594 0.086806
0 0.562500 0.465278 0.066406 0.111111
0 0.519531 0.605903 0.101562 0.135417
0 0.527344 0.708333 0.109375 0.166667
0 0.736328 0.373264 0.050781 0.093750
0 0.738281 0.508681 0.062500 0.121528
0 0.786133 0.572917 0.091797 0.138889
0 0.714844 0.866319 0.132812 0.211806
0 0.802734 0.288194 0.023438 0.069444
0 0.821289 0.248264 0.021484 0.052083
0 0.909180 0.255208 0.025391 0.059028
