0 0.253906 0.687500 0.050781 0.131944
0 0.124023 0.871528 0.056641 0.159722
0 0.122070 0.465278 0.029297 0.083333
0 0.369141 0.305556 0.031250 0.041667
0 0.207031 0.329861 0.039062 0.062500
0 0.463867 0.309028 0.033203 0.041667
0 0.492188 0.347222 0.027344 0.048611
0 0.517578 0.378472 0.035156 0.055556
0 0.549805 0.406250 0.021484 0.069444
0 0.607422 0.366319 0.042969 0.065972
0 0.662109 0.336806 0.031250 0.055556
0 0.479492 0.487847 0.025391 0.079861
0 0.518555 0.506944 0.033203 0.083333
0 0.578125 0.484375 0.023438 0.079861
0 0.611328 0.473958 0.027344 0.059028
0 0.617188 0.527778 0.031250 0.076389
0 0.449219 0.473958 0.031250 0.072917
0 0.434570 0.571181 0.017578 0.093750
