0 0.243164 0.411458 0.025391 0.072917
0 0.241211 0.331597 0.025391 0.052083
0 0.271484 0.342014 0.035156 0.059028
0 0.291992 0.319444 0.041016 0.048611
0 0.381836 0.491319 0.025391 0.086806
0 0.544922 0.468750 0.027344 0.083333
0 0.578125 0.479167 0.027344 0.090278
0 0.609375 0.494792 0.019531 0.086806
0 0.553711 0.366319 0.048828 0.059028
0 0.629883 0.375000 0.033203 0.062500
0 0.452148 0.347222 0.029297 0.048611
0 0.423828 0.355903 0.035156 0.059028
0 0.544922 0.307292 0.031250 0.045139
0 0.447266 0.519097 0.027344 0.065972
