0 0.123047 0.656250 0.050781 0.131944
0 0.191406 0.694444 0.042969 0.180556
0 0.115234 0.842014 0.050781 0.232639
0 0.290039 0.711806 0.056641 0.138889
0 0.377930 0.694444 0.103516 0.138889
0 0.378906 0.842014 0.066406 0.218750
0 0.311523 0.888889 0.056641 0.222222
0 0.241211 0.586806 0.033203 0.138889
0 0.198242 0.559028 0.041016 0.090278
0 0.151367 0.538194 0.025391 0.125000
0 0.172852 0.503472 0.025391 0.111111
0 0.628906 0.505208 0.050781 0.107639
0 0.717773 0.546875 0.044922 0.135417
0 0.819336 0.524306 0.060547 0.125000
0 0.732422 0.475694 0.035156 0.083333
0 0.667969 0.442708 0.031250 0.100694
0 0.532227 0.456597 0.037109 0.100694
0 0.581055 0.444444 0.052734 0.104167
0 0.492188 0.809028 0.082031 0.180556
0 0.564453 0.876736 0.113281 0.163194
0 0.547852 0.725694 0.072266 0.125000
