0 0.257812 0.588542 0.074219 0.170139
0 0.317383 0.418403 0.076172 0.121528
0 0.279297 0.335069 0.042969 0.100694
0 0.389648 0.387153 0.048828 0.093750
0 0.392578 0.321181 0.050781 0.079861
0 0.486328 0.314236 0.031250 0.086806
0 0.558594 0.461806 0.066406 0.118056
0 0.565430 0.418403 0.068359 0.100694
0 0.734375 0.369792 0.050781 0.086806
0 0.520508 0.604167 0.091797 0.138889
0 0.530273 0.701389 0.099609 0.173611
0 0.712891 0.861111 0.128906 0.215278
0 0.789062 0.576389 0.085938 0.152778
0 0.748047 0.508681 0.074219 0.114583
