0 0.284375 0.768889 0.108750 0.208889
0 0.335000 0.703333 0.100000 0.171111
0 0.158125 0.544444 0.058750 0.133333
0 0.266875 0.531111 0.058750 0.120000
0 0.352500 0.566667 0.067500 0.133333
0 0.416875 0.553333 0.056250 0.124444
0 0.380625 0.495556 0.048750 0.071111
0 0.467500 0.621111 0.077500 0.144444
0 0.530625 0.572222 0.066250 0.117778
0 0.591250 0.622222 0.085000 0.133333
0 0.618125 0.568889 0.076250 0.111111
0 0.765625 0.593333 0.083750 0.142222
0 0.838750 0.663333 0.095000 0.180000
0 0.399375 0.428889 0.068750 0.080000
