0 0.627930 0.517361 0.033203 0.097222
0 0.500977 0.515625 0.025391 0.086806
0 0.523438 0.461806 0.023438 0.076389
0 0.483398 0.397569 0.017578 0.059028
0 0.021484 0.920139 0.039062 0.159722
0 0.137695 0.468750 0.017578 0.083333
0 0.150391 0.407986 0.015625 0.065972
0 0.131836 0.355903 0.013672 0.045139
0 0.407227 0.381944 0.017578 0.048611
0 0.373047 0.303819 0.011719 0.052083
0 0.106445 0.248264 0.009766 0.038194
0 0.364258 0.262153 0.009766 0.031250
1 0.276367 0.519097 0.076172 0.149306
1 0.213867 0.331597 0.037109 0.059028
1 0.325195 0.331597 0.048828 0.059028
1 0.184570 0.248264 0.029297 0.045139
1 0.133789 0.267361 0.033203 0.048611
1 0.173828 0.211806 0.019531 0.027778
1 0.237305 0.201389 0.021484 0.027778
1 0.210938 0.177083 0.019531 0.027778
3 0.288086 0.258681 0.048828 0.086806
