1 0.605469 0.727431 0.160156 0.211806
1 0.342773 0.623264 0.095703 0.170139
1 0.197266 0.159722 0.015625 0.027778
1 0.165039 0.175347 0.017578 0.031250
0 0.569336 0.461806 0.029297 0.083333
0 0.513672 0.470486 0.027344 0.093750
0 0.493164 0.383681 0.021484 0.065972
0 0.437500 0.336806 0.019531 0.055556
0 0.382812 0.312500 0.015625 0.048611
0 0.193359 0.428819 0.027344 0.079861
0 0.211914 0.625000 0.037109 0.138889
0 0.134766 0.385417 0.023438 0.069444
0 0.159180 0.359375 0.021484 0.065972
0 0.181641 0.289931 0.011719 0.045139
0 0.126953 0.314236 0.011719 0.052083
0 0.104492 0.314236 0.017578 0.052083
0 0.305664 0.253472 0.009766 0.041667
0 0.253906 0.246528 0.019531 0.041667
0 0.163086 0.265625 0.013672 0.045139
