0 0.286133 0.741319 0.033203 0.149306
0 0.218750 0.744792 0.035156 0.156250
0 0.133789 0.592014 0.025391 0.107639
0 0.181641 0.475694 0.019531 0.076389
0 0.136719 0.510417 0.023438 0.076389
0 0.555664 0.500000 0.021484 0.097222
0 0.670898 0.612847 0.041016 0.107639
0 0.658203 0.522569 0.035156 0.079861
0 0.534180 0.404514 0.025391 0.059028
0 0.498047 0.423611 0.027344 0.083333
0 0.441406 0.409722 0.023438 0.062500
0 0.416016 0.328125 0.019531 0.052083
0 0.896484 0.928819 0.105469 0.142361
1 0.274414 0.494792 0.068359 0.114583
1 0.356445 0.654514 0.107422 0.197917
1 0.393555 0.437500 0.068359 0.097222
1 0.345703 0.364583 0.062500 0.069444
0 0.157227 0.265625 0.013672 0.038194
0 0.117188 0.314236 0.011719 0.038194
3 0.230469 0.302083 0.039062 0.104167
0 0.193359 0.427083 0.019531 0.076389
0 0.153320 0.423611 0.021484 0.069444
