0 0.130859 0.850694 0.042969 0.173611
0 0.203125 0.746528 0.031250 0.138889
0 0.191406 0.588542 0.023438 0.093750
0 0.058594 0.671875 0.039062 0.086806
0 0.191406 0.460069 0.019531 0.079861
0 0.240234 0.380208 0.015625 0.059028
0 0.210938 0.362847 0.011719 0.052083
0 0.147461 0.385417 0.013672 0.062500
0 0.119141 0.317708 0.011719 0.045139
0 0.151367 0.309028 0.009766 0.048611
0 0.549805 0.402778 0.021484 0.062500
0 0.503906 0.423611 0.019531 0.062500
0 0.486328 0.375000 0.015625 0.055556
0 0.432617 0.355903 0.013672 0.052083
0 0.382812 0.331597 0.015625 0.045139
0 0.287109 0.319444 0.011719 0.041667
0 0.322266 0.307292 0.011719 0.045139
0 0.333984 0.322917 0.011719 0.041667
0 0.260742 0.289931 0.009766 0.031250
0 0.220703 0.321181 0.011719 0.038194
1 0.329102 0.595486 0.091797 0.184028
1 0.390625 0.440972 0.078125 0.111111
1 0.170898 0.206597 0.021484 0.031250
1 0.259766 0.260417 0.046875 0.048611
2 0.207031 0.159722 0.031250 0.048611
