0 0.728516 0.581597 0.046875 0.107639
0 0.635742 0.666667 0.044922 0.118056
0 0.584961 0.807292 0.044922 0.156250
0 0.478516 0.414931 0.019531 0.065972
0 0.452148 0.375000 0.017578 0.062500
0 0.498047 0.373264 0.019531 0.059028
0 0.212891 0.526042 0.023438 0.093750
0 0.151367 0.532986 0.017578 0.093750
0 0.201172 0.383681 0.015625 0.052083
0 0.121094 0.348958 0.015625 0.052083
0 0.153320 0.305556 0.013672 0.041667
0 0.409180 0.321181 0.013672 0.045139
0 0.375977 0.317708 0.009766 0.045139
0 0.358398 0.289931 0.009766 0.038194
0 0.279297 0.281250 0.015625 0.034722
0 0.345703 0.250000 0.015625 0.027778
1 0.311523 0.215278 0.044922 0.027778
