2 0.714844 0.821181 0.261719 0.357639
2 0.514648 0.576389 0.150391 0.229167
2 0.291992 0.187500 0.091797 0.069444
1 0.380859 0.427083 0.078125 0.104167
1 0.333984 0.359375 0.050781 0.065972
1 0.171875 0.208333 0.027344 0.041667
1 0.142578 0.225694 0.023438 0.041667
0 0.889648 0.918403 0.087891 0.163194
0 0.869141 0.782986 0.058594 0.114583
0 0.600586 0.477431 0.037109 0.107639
0 0.433594 0.940972 0.070312 0.118056
0 0.197266 0.809028 0.050781 0.152778
0 0.174805 0.914931 0.052734 0.170139
0 0.222656 0.649306 0.039062 0.125000
0 0.159180 0.524306 0.037109 0.125000
0 0.257812 0.425347 0.027344 0.086806
0 0.196289 0.335069 0.021484 0.059028
0 0.117188 0.288194 0.019531 0.055556
0 0.199219 0.265625 0.015625 0.045139
0 0.267578 0.265625 0.015625 0.045139
0 0.496094 0.357639 0.023438 0.055556
0 0.491211 0.434028 0.025391 0.069444
0 0.430664 0.406250 0.021484 0.076389
0 0.420898 0.305556 0.013672 0.041667
0 0.459961 0.328125 0.017578 0.052083
0 0.396484 0.350694 0.019531 0.062500
0 0.372070 0.352431 0.017578 0.045139
