0 0.140625 0.437500 0.019531 0.083333
0 0.185547 0.376736 0.015625 0.052083
0 0.155273 0.387153 0.013672 0.052083
0 0.119141 0.293403 0.011719 0.045139
0 0.157227 0.307292 0.013672 0.045139
0 0.134766 0.279514 0.011719 0.038194
0 0.841797 0.831597 0.078125 0.177083
0 0.828125 0.689236 0.058594 0.114583
0 0.709961 0.755208 0.048828 0.163194
0 0.689453 0.618056 0.039062 0.118056
0 0.618164 0.501736 0.025391 0.079861
0 0.570312 0.446181 0.023438 0.093750
0 0.520508 0.369792 0.013672 0.045139
0 0.474609 0.380208 0.019531 0.059028
0 0.291992 0.331597 0.013672 0.045139
0 0.335938 0.289931 0.011719 0.038194
0 0.353516 0.309028 0.007812 0.027778
0 0.301758 0.282986 0.013672 0.038194
0 0.238281 0.229167 0.015625 0.034722
1 0.473633 0.522569 0.095703 0.107639
1 0.390625 0.430556 0.062500 0.076389
1 0.343750 0.359375 0.050781 0.059028
1 0.150391 0.222222 0.023438 0.034722
1 0.179688 0.208333 0.019531 0.027778
3 0.524414 0.458333 0.068359 0.111111
