3 0.481445 0.500000 0.142578 0.243056
0 0.719727 0.607639 0.041016 0.111111
0 0.268555 0.868056 0.033203 0.187500
0 0.213867 0.644097 0.029297 0.121528
0 0.183594 0.515625 0.019531 0.093750
0 0.154297 0.465278 0.019531 0.090278
0 0.215820 0.418403 0.013672 0.072917
0 0.233398 0.361111 0.009766 0.055556
0 0.180664 0.397569 0.013672 0.072917
0 0.222656 0.286458 0.019531 0.045139
0 0.134766 0.331597 0.007812 0.052083
0 0.181641 0.328125 0.011719 0.045139
0 0.462891 0.335069 0.011719 0.045139
0 0.318359 0.319444 0.011719 0.055556
