2 0.687500 0.718750 0.441406 0.562500
0 0.199219 0.692708 0.039062 0.149306
0 0.141602 0.845486 0.044922 0.177083
0 0.461914 0.421875 0.021484 0.072917
0 0.146484 0.427083 0.023438 0.090278
0 0.182617 0.368056 0.021484 0.062500
0 0.113281 0.321181 0.015625 0.052083
0 0.355469 0.326389 0.015625 0.048611
0 0.403320 0.317708 0.013672 0.059028
1 0.227539 0.333333 0.044922 0.069444
1 0.181641 0.258681 0.031250 0.052083
1 0.151367 0.229167 0.029297 0.041667
1 0.216797 0.192708 0.019531 0.031250
2 0.147461 0.123264 0.017578 0.031250
0 0.322266 0.293403 0.015625 0.052083
0 0.300781 0.270833 0.015625 0.041667
