0 0.509766 0.453125 0.023438 0.079861
0 0.409180 0.352431 0.013672 0.052083
0 0.393555 0.282986 0.009766 0.038194
0 0.372070 0.312500 0.013672 0.041667
0 0.192383 0.380208 0.013672 0.052083
0 0.154297 0.454861 0.015625 0.069444
0 0.239258 0.593750 0.021484 0.104167
0 0.265625 0.692708 0.027344 0.121528
0 0.195312 0.793403 0.035156 0.156250
0 0.258789 0.895833 0.037109 0.194444
0 0.121094 0.769097 0.027344 0.149306
0 0.168945 0.348958 0.009766 0.038194
0 0.153320 0.366319 0.009766 0.052083
1 0.345703 0.364583 0.058594 0.062500
1 0.326172 0.253472 0.054688 0.034722
1 0.216797 0.279514 0.054688 0.045139
