1 0.506836 0.593750 0.126953 0.152778
1 0.394531 0.434028 0.074219 0.097222
1 0.332031 0.352431 0.054688 0.072917
1 0.359375 0.239583 0.058594 0.041667
0 0.958984 0.817708 0.082031 0.163194
0 0.687500 0.588542 0.050781 0.128472
0 0.537109 0.435764 0.035156 0.100694
0 0.479492 0.432292 0.033203 0.093750
0 0.458984 0.362847 0.019531 0.059028
0 0.116211 0.595486 0.033203 0.107639
0 0.221680 0.425347 0.017578 0.072917
0 0.157227 0.425347 0.021484 0.086806
0 0.178711 0.397569 0.017578 0.072917
0 0.204102 0.369792 0.017578 0.059028
0 0.161133 0.338542 0.017578 0.059028
0 0.194336 0.314236 0.013672 0.059028
0 0.219727 0.335069 0.013672 0.052083
0 0.224609 0.284722 0.011719 0.041667
0 0.121094 0.309028 0.011719 0.055556
0 0.136719 0.326389 0.015625 0.055556
0 0.413086 0.343750 0.025391 0.055556
