0 0.147461 0.781250 0.029297 0.152778
0 0.215820 0.579861 0.025391 0.104167
0 0.149414 0.437500 0.021484 0.076389
0 0.154297 0.336806 0.007812 0.055556
0 0.525391 0.447917 0.023438 0.076389
0 0.471680 0.411458 0.021484 0.065972
0 0.317383 0.314236 0.009766 0.059028
0 0.477539 0.348958 0.013672 0.052083
0 0.448242 0.324653 0.013672 0.045139
3 0.383789 0.387153 0.091797 0.156250
1 0.274414 0.215278 0.044922 0.027778
1 0.158203 0.161458 0.015625 0.024306
1 0.178711 0.204861 0.017578 0.027778
0 0.340820 0.236111 0.017578 0.020833
0 0.316406 0.258681 0.015625 0.031250
0 0.195312 0.302083 0.011719 0.034722
0 0.213867 0.357639 0.013672 0.048611
0 0.214844 0.307292 0.011719 0.045139
