1 0.462891 0.541667 0.101562 0.125000
1 0.674805 0.840278 0.224609 0.284722
1 0.360352 0.390625 0.068359 0.086806
1 0.319336 0.343750 0.041016 0.062500
0 0.081055 0.618056 0.080078 0.131944
0 0.140625 0.368056 0.023438 0.069444
0 0.222656 0.331597 0.011719 0.052083
0 0.281250 0.276042 0.015625 0.052083
0 0.123047 0.274306 0.015625 0.055556
0 0.158203 0.253472 0.015625 0.048611
0 0.639648 0.583333 0.044922 0.118056
0 0.953125 0.852431 0.093750 0.190972
0 0.537109 0.480903 0.035156 0.100694
0 0.642578 0.503472 0.042969 0.090278
0 0.503906 0.428819 0.035156 0.079861
0 0.485352 0.352431 0.025391 0.065972
0 0.198242 0.220486 0.013672 0.031250
0 0.171875 0.203125 0.011719 0.038194
0 0.335938 0.296875 0.015625 0.038194
0 0.364258 0.317708 0.013672 0.038194
0 0.398438 0.350694 0.019531 0.055556
0 0.436523 0.340278 0.017578 0.048611
0 0.388672 0.307292 0.011719 0.052083
