1 0.684570 0.855903 0.212891 0.274306
1 0.440430 0.519097 0.091797 0.114583
1 0.333984 0.362847 0.058594 0.079861
1 0.199219 0.296875 0.035156 0.059028
1 0.171875 0.199653 0.027344 0.045139
1 0.265625 0.269097 0.035156 0.038194
3 0.231445 0.222222 0.029297 0.062500
0 0.566406 0.444444 0.031250 0.076389
0 0.166016 0.539931 0.031250 0.100694
0 0.107422 0.414931 0.023438 0.065972
0 0.122070 0.930556 0.056641 0.138889
0 0.137695 0.305556 0.017578 0.041667
0 0.404297 0.312500 0.019531 0.048611
0 0.462891 0.359375 0.015625 0.052083
0 0.446289 0.378472 0.013672 0.048611
0 0.433594 0.401042 0.015625 0.052083
