0 0.849609 0.767361 0.062500 0.152778
0 0.595703 0.545139 0.035156 0.097222
0 0.461914 0.458333 0.021484 0.076389
0 0.526367 0.380208 0.013672 0.059028
0 0.491211 0.348958 0.013672 0.052083
0 0.257812 0.552083 0.023438 0.097222
0 0.218750 0.661458 0.031250 0.135417
0 0.125977 0.685764 0.025391 0.121528
0 0.221680 0.904514 0.041016 0.190972
0 0.055664 0.671875 0.033203 0.100694
0 0.172852 0.494792 0.017578 0.086806
0 0.124023 0.385417 0.013672 0.062500
0 0.176758 0.437500 0.017578 0.048611
0 0.162109 0.293403 0.011719 0.045139
0 0.284180 0.319444 0.009766 0.048611
0 0.443359 0.345486 0.015625 0.052083
0 0.423828 0.352431 0.011719 0.052083
0 0.403320 0.357639 0.009766 0.048611
0 0.324219 0.340278 0.011719 0.041667
0 0.315430 0.244792 0.017578 0.031250
0 0.278320 0.269097 0.017578 0.031250
1 0.458008 0.927083 0.130859 0.145833
1 0.239258 0.359375 0.044922 0.093750
1 0.361328 0.401042 0.058594 0.065972
1 0.398438 0.315972 0.039062 0.048611
1 0.257812 0.210069 0.039062 0.045139
1 0.170898 0.203125 0.021484 0.038194
0 0.087891 0.347222 0.015625 0.055556
2 0.131836 0.142361 0.017578 0.034722
