1 0.279297 0.503472 0.085938 0.145833
1 0.457031 0.512153 0.089844 0.114583
1 0.350586 0.366319 0.056641 0.079861
1 0.307617 0.315972 0.037109 0.048611
1 0.208984 0.263889 0.035156 0.055556
2 0.116211 0.203125 0.029297 0.059028
0 0.809570 0.750000 0.060547 0.145833
0 0.625977 0.583333 0.041016 0.104167
0 0.642578 0.505208 0.031250 0.086806
0 0.556641 0.449653 0.027344 0.079861
0 0.505859 0.397569 0.019531 0.065972
0 0.424805 0.307292 0.013672 0.045139
0 0.403320 0.319444 0.009766 0.041667
0 0.193359 0.654514 0.027344 0.135417
0 0.083984 0.680556 0.031250 0.138889
0 0.118164 0.329861 0.009766 0.048611
0 0.140625 0.324653 0.007812 0.038194
0 0.181641 0.321181 0.011719 0.059028
0 0.200195 0.309028 0.009766 0.034722
0 0.452148 0.381944 0.017578 0.055556
3 0.231445 0.197917 0.021484 0.055556
0 0.161133 0.381944 0.037109 0.069444
