0 0.131836 0.595486 0.025391 0.093750
0 0.535156 0.564236 0.031250 0.100694
0 0.891602 0.960069 0.076172 0.079861
0 0.786133 0.678819 0.052734 0.121528
0 0.561523 0.423611 0.021484 0.069444
0 0.514648 0.418403 0.017578 0.072917
0 0.449219 0.394097 0.015625 0.059028
0 0.305664 0.314236 0.013672 0.045139
0 0.327148 0.321181 0.013672 0.045139
0 0.174805 0.361111 0.013672 0.048611
0 0.158203 0.348958 0.007812 0.052083
0 0.128906 0.328125 0.011719 0.045139
3 0.221680 0.345486 0.052734 0.128472
0 0.061523 0.623264 0.048828 0.100694
0 0.372070 0.371528 0.017578 0.055556
