0 0.899414 0.798611 0.087891 0.173611
0 0.721680 0.777778 0.068359 0.173611
0 0.534180 0.565972 0.044922 0.111111
0 0.405273 0.460069 0.029297 0.100694
0 0.229492 0.626736 0.037109 0.121528
0 0.060547 0.640625 0.035156 0.142361
0 0.173828 0.489583 0.027344 0.097222
0 0.185547 0.409722 0.023438 0.069444
0 0.136719 0.378472 0.023438 0.069444
0 0.369141 0.293403 0.019531 0.052083
0 0.332031 0.284722 0.019531 0.055556
0 0.122070 0.244792 0.013672 0.045139
0 0.153320 0.241319 0.013672 0.045139
0 0.295898 0.227431 0.013672 0.038194
1 0.528320 0.449653 0.099609 0.114583
1 0.257812 0.236111 0.027344 0.048611
1 0.234375 0.206597 0.019531 0.031250
1 0.216797 0.185764 0.015625 0.031250
