1 0.516602 0.607639 0.111328 0.131944
1 0.281250 0.482639 0.074219 0.118056
1 0.410156 0.480903 0.078125 0.107639
1 0.353516 0.392361 0.050781 0.062500
1 0.300781 0.314236 0.039062 0.065972
1 0.182617 0.241319 0.021484 0.031250
1 0.171875 0.197917 0.019531 0.027778
0 0.763672 0.782986 0.058594 0.156250
0 0.679688 0.616319 0.046875 0.121528
0 0.252930 0.894097 0.044922 0.177083
0 0.181641 0.515625 0.019531 0.093750
0 0.217773 0.397569 0.013672 0.072917
0 0.136719 0.348958 0.015625 0.059028
0 0.056641 0.671875 0.031250 0.065972
0 0.123047 0.237847 0.007812 0.031250
0 0.255859 0.230903 0.007812 0.031250
0 0.476562 0.402778 0.019531 0.062500
0 0.422852 0.343750 0.017578 0.048611
0 0.348633 0.300347 0.013672 0.045139
0 0.382812 0.291667 0.011719 0.041667
