1 0.549805 0.651042 0.119141 0.156250
1 0.262695 0.432292 0.056641 0.100694
1 0.382812 0.435764 0.070312 0.086806
1 0.320312 0.326389 0.050781 0.055556
1 0.313477 0.258681 0.041016 0.052083
1 0.264648 0.237847 0.025391 0.038194
1 0.225586 0.204861 0.021484 0.034722
1 0.200195 0.168403 0.021484 0.031250
0 0.658203 0.541667 0.035156 0.097222
0 0.593750 0.534722 0.031250 0.104167
0 0.466797 0.427083 0.027344 0.076389
0 0.409180 0.352431 0.017578 0.072917
0 0.375000 0.329861 0.015625 0.048611
0 0.185547 0.409722 0.019531 0.069444
0 0.061523 0.647569 0.048828 0.163194
0 0.117188 0.333333 0.015625 0.055556
0 0.191406 0.329861 0.015625 0.055556
0 0.143555 0.435764 0.021484 0.072917
0 0.126953 0.279514 0.011719 0.038194
0 0.155273 0.237847 0.013672 0.038194
