3 0.673828 0.798611 0.292969 0.402778
0 0.143555 0.579861 0.025391 0.111111
0 0.234375 0.546875 0.027344 0.114583
0 0.289062 0.546875 0.027344 0.107639
0 0.209961 0.329861 0.013672 0.055556
0 0.156250 0.300347 0.019531 0.052083
0 0.119141 0.295139 0.011719 0.055556
0 0.592773 0.442708 0.021484 0.079861
0 0.544922 0.428819 0.023438 0.086806
0 0.509766 0.482639 0.035156 0.076389
0 0.859375 0.800347 0.078125 0.170139
0 0.261719 0.251736 0.011719 0.038194
0 0.495117 0.425347 0.025391 0.065972
0 0.401367 0.381944 0.021484 0.069444
0 0.457031 0.388889 0.031250 0.062500
1 0.514648 0.592014 0.115234 0.128472
1 0.418945 0.468750 0.080078 0.104167
1 0.348633 0.388889 0.060547 0.076389
1 0.315430 0.328125 0.044922 0.059028
2 0.140625 0.192708 0.023438 0.052083
