0 0.176758 0.687500 0.037109 0.145833
0 0.129883 0.524306 0.033203 0.104167
0 0.129883 0.390625 0.021484 0.072917
0 0.231445 0.392361 0.025391 0.083333
0 0.832031 0.852431 0.093750 0.190972
0 0.733398 0.647569 0.056641 0.135417
0 0.548828 0.404514 0.027344 0.079861
0 0.470703 0.390625 0.027344 0.065972
0 0.393555 0.328125 0.021484 0.045139
0 0.349609 0.309028 0.015625 0.055556
0 0.125977 0.248264 0.013672 0.045139
0 0.288086 0.258681 0.021484 0.038194
0 0.640625 0.348958 0.019531 0.065972
0 0.377930 0.229167 0.021484 0.041667
1 0.183594 0.142361 0.015625 0.027778
1 0.150391 0.137153 0.011719 0.024306
