0 0.211914 0.612847 0.025391 0.128472
0 0.179688 0.553819 0.023438 0.107639
0 0.118164 0.487847 0.025391 0.093750
0 0.205078 0.357639 0.019531 0.055556
0 0.624023 0.496528 0.033203 0.090278
0 0.945312 0.904514 0.109375 0.190972
0 0.517578 0.376736 0.023438 0.065972
0 0.290039 0.281250 0.013672 0.041667
0 0.127930 0.293403 0.009766 0.038194
1 0.716797 0.807292 0.199219 0.246528
1 0.461914 0.486111 0.099609 0.104167
2 0.527344 0.618056 0.109375 0.166667
2 0.368164 0.342014 0.115234 0.170139
1 0.192383 0.246528 0.025391 0.041667
1 0.167969 0.189236 0.015625 0.024306
