0 0.799805 0.793403 0.068359 0.156250
0 0.716797 0.628472 0.050781 0.118056
0 0.665039 0.765625 0.052734 0.156250
0 0.548828 0.503472 0.027344 0.083333
0 0.145508 0.555556 0.025391 0.097222
0 0.180664 0.444444 0.021484 0.076389
0 0.166016 0.381944 0.015625 0.048611
0 0.368164 0.328125 0.013672 0.045139
0 0.412109 0.380208 0.015625 0.052083
0 0.353516 0.298611 0.011719 0.041667
0 0.124023 0.343750 0.013672 0.048611
0 0.315430 0.258681 0.017578 0.031250
0 0.108398 0.279514 0.009766 0.038194
1 0.175781 0.210069 0.019531 0.031250
1 0.192383 0.147569 0.013672 0.024306
