1 0.635742 0.741319 0.205078 0.295139
1 0.399414 0.852431 0.173828 0.295139
1 0.449219 0.512153 0.101562 0.107639
1 0.215820 0.312500 0.041016 0.076389
1 0.295898 0.288194 0.037109 0.055556
1 0.253906 0.232639 0.031250 0.041667
1 0.227539 0.203125 0.025391 0.031250
2 0.770508 0.637153 0.326172 0.420139
3 0.336914 0.336806 0.060547 0.104167
0 0.451172 0.604167 0.035156 0.104167
0 0.214844 0.663194 0.039062 0.125000
0 0.190430 0.899306 0.044922 0.194444
0 0.094727 0.732639 0.037109 0.138889
0 0.079102 0.604167 0.064453 0.104167
0 0.208008 0.512153 0.025391 0.100694
0 0.154297 0.468750 0.023438 0.090278
0 0.143555 0.348958 0.021484 0.065972
0 0.166992 0.269097 0.009766 0.038194
0 0.161133 0.298611 0.009766 0.041667
0 0.120117 0.284722 0.013672 0.041667
0 0.196289 0.232639 0.009766 0.034722
0 0.220703 0.251736 0.015625 0.045139
