0 0.438477 0.939236 0.056641 0.121528
0 0.649414 0.652778 0.060547 0.145833
0 0.845703 0.765625 0.085938 0.163194
0 0.599609 0.543403 0.039062 0.100694
0 0.526367 0.442708 0.033203 0.093750
0 0.392578 0.416667 0.023438 0.076389
0 0.445312 0.371528 0.019531 0.055556
0 0.187500 0.543403 0.027344 0.107639
0 0.139648 0.501736 0.025391 0.086806
0 0.213867 0.447917 0.025391 0.090278
0 0.181641 0.418403 0.019531 0.072917
0 0.160156 0.472222 0.019531 0.069444
0 0.159180 0.399306 0.017578 0.069444
0 0.127930 0.414931 0.021484 0.072917
0 0.149414 0.314236 0.013672 0.045139
0 0.202148 0.331597 0.013672 0.052083
0 0.209961 0.295139 0.033203 0.041667
0 0.135742 0.361111 0.013672 0.048611
0 0.109375 0.300347 0.015625 0.052083
0 0.316406 0.310764 0.015625 0.052083
0 0.399414 0.357639 0.017578 0.048611
0 0.368164 0.343750 0.017578 0.055556
1 0.240234 0.371528 0.046875 0.069444
1 0.348633 0.237847 0.060547 0.045139
