0 0.877930 0.730903 0.068359 0.149306
0 0.666992 0.532986 0.037109 0.093750
0 0.535156 0.487847 0.027344 0.100694
0 0.171875 0.559028 0.031250 0.104167
0 0.123047 0.515625 0.019531 0.100694
0 0.182617 0.432292 0.025391 0.079861
0 0.097656 0.369792 0.015625 0.059028
0 0.136719 0.338542 0.019531 0.059028
0 0.163086 0.265625 0.013672 0.038194
0 0.286133 0.282986 0.017578 0.045139
1 0.170898 0.201389 0.017578 0.034722
1 0.266602 0.211806 0.037109 0.027778
3 0.438477 0.472222 0.099609 0.180556
3 0.220703 0.317708 0.050781 0.128472
