0 0.674805 0.609375 0.056641 0.121528
0 0.544922 0.581597 0.039062 0.114583
0 0.331055 0.850694 0.052734 0.215278
0 0.105469 0.704861 0.039062 0.152778
0 0.198242 0.739583 0.041016 0.166667
0 0.302734 0.500000 0.031250 0.111111
0 0.250000 0.510417 0.031250 0.083333
0 0.272461 0.611111 0.029297 0.125000
0 0.206055 0.619792 0.037109 0.114583
0 0.178711 0.491319 0.029297 0.093750
0 0.182617 0.315972 0.017578 0.062500
0 0.123047 0.329861 0.019531 0.055556
0 0.458984 0.421875 0.023438 0.072917
0 0.532227 0.392361 0.021484 0.069444
0 0.499023 0.402778 0.025391 0.069444
0 0.419922 0.394097 0.015625 0.072917
0 0.319336 0.237847 0.025391 0.031250
0 0.152344 0.215278 0.011719 0.034722
0 0.189453 0.208333 0.011719 0.034722
1 0.366211 0.411458 0.064453 0.086806
1 0.334961 0.348958 0.052734 0.065972
3 0.216797 0.178819 0.027344 0.052083
