3 0.278320 0.522569 0.091797 0.184028
2 0.229492 0.147569 0.025391 0.045139
1 0.233398 0.390625 0.052734 0.086806
1 0.250000 0.227431 0.027344 0.038194
1 0.171875 0.206597 0.023438 0.031250
1 0.226562 0.203125 0.019531 0.031250
0 0.796875 0.748264 0.074219 0.156250
0 0.544922 0.456597 0.035156 0.093750
0 0.395508 0.378472 0.025391 0.069444
0 0.217773 0.664931 0.044922 0.142361
0 0.151367 0.704861 0.041016 0.145833
0 0.029297 0.852431 0.054688 0.197917
0 0.191406 0.345486 0.019531 0.065972
0 0.167969 0.359375 0.011719 0.059028
0 0.135742 0.404514 0.021484 0.079861
0 0.159180 0.276042 0.017578 0.045139
0 0.117188 0.277778 0.015625 0.048611
0 0.300781 0.237847 0.007812 0.031250
0 0.337891 0.234375 0.011719 0.031250
0 0.406250 0.291667 0.015625 0.041667
