0 0.165039 0.460069 0.025391 0.093750
0 0.684570 0.652778 0.048828 0.131944
0 0.455078 0.460069 0.031250 0.100694
0 0.416016 0.336806 0.023438 0.055556
0 0.327148 0.272569 0.013672 0.045139
0 0.358398 0.237847 0.021484 0.038194
0 0.130859 0.288194 0.011719 0.048611
0 0.104492 0.279514 0.013672 0.038194
0 0.142578 0.269097 0.015625 0.038194
0 0.057617 0.670139 0.044922 0.083333
1 0.301758 0.597222 0.091797 0.173611
1 0.213867 0.321181 0.048828 0.086806
1 0.175781 0.250000 0.035156 0.055556
1 0.163086 0.194444 0.021484 0.041667
