0 0.896484 0.802083 0.089844 0.166667
0 0.271484 0.640625 0.042969 0.142361
0 0.158203 0.633681 0.042969 0.135417
0 0.094727 0.614583 0.041016 0.125000
0 0.507812 0.411458 0.031250 0.079861
0 0.416016 0.336806 0.023438 0.062500
0 0.133789 0.392361 0.021484 0.083333
0 0.150391 0.255208 0.019531 0.045139
0 0.122070 0.258681 0.017578 0.045139
1 0.273438 0.467014 0.070312 0.107639
1 0.207031 0.288194 0.042969 0.062500
1 0.273438 0.270833 0.027344 0.055556
1 0.336914 0.362847 0.052734 0.079861
1 0.319336 0.295139 0.048828 0.055556
1 0.178711 0.217014 0.021484 0.031250
1 0.248047 0.230903 0.031250 0.038194
2 0.250000 0.185764 0.039062 0.065972
