1 0.413086 0.460069 0.083984 0.093750
1 0.357422 0.378472 0.066406 0.076389
1 0.309570 0.329861 0.044922 0.069444
1 0.142578 0.204861 0.023438 0.034722
1 0.173828 0.201389 0.023438 0.034722
1 0.404297 0.225694 0.062500 0.034722
1 0.482422 0.211806 0.046875 0.034722
0 0.862305 0.736111 0.072266 0.166667
0 0.635742 0.491319 0.037109 0.100694
0 0.516602 0.475694 0.033203 0.090278
0 0.350586 0.704861 0.044922 0.152778
0 0.291992 0.756944 0.044922 0.138889
0 0.332031 0.897569 0.050781 0.190972
0 0.273438 0.932292 0.046875 0.135417
0 0.231445 0.621528 0.037109 0.125000
0 0.144531 0.631944 0.042969 0.125000
0 0.026367 0.907986 0.048828 0.184028
0 0.141602 0.512153 0.029297 0.093750
0 0.177734 0.498264 0.027344 0.114583
0 0.201172 0.458333 0.023438 0.083333
0 0.240234 0.425347 0.023438 0.079861
0 0.106445 0.416667 0.021484 0.076389
0 0.147461 0.407986 0.021484 0.079861
0 0.188477 0.388889 0.017578 0.062500
0 0.094727 0.321181 0.013672 0.052083
0 0.123047 0.256944 0.015625 0.034722
0 0.110352 0.274306 0.017578 0.027778
0 0.140625 0.345486 0.015625 0.059028
0 0.401367 0.355903 0.017578 0.059028
0 0.513672 0.373264 0.015625 0.059028
0 0.669922 0.380208 0.039062 0.079861
2 0.309570 0.263889 0.048828 0.076389
