3 0.115234 0.531250 0.226562 0.333333
3 0.483398 0.194444 0.060547 0.111111
3 0.584961 0.182292 0.041016 0.086806
3 0.939453 0.736111 0.121094 0.527778
3 0.483398 0.128472 0.044922 0.062500
3 0.534180 0.112847 0.029297 0.052083
3 0.558594 0.088542 0.019531 0.038194
0 0.302734 0.265625 0.015625 0.052083
0 0.298828 0.246528 0.019531 0.048611
0 0.250000 0.300347 0.023438 0.072917
0 0.207031 0.269097 0.039062 0.065972
0 0.194336 0.338542 0.037109 0.072917
0 0.030273 0.307292 0.048828 0.072917
0 0.745117 0.201389 0.017578 0.048611
