3 0.790039 0.361111 0.173828 0.284722
3 0.638672 0.342014 0.082031 0.163194
3 0.638672 0.152778 0.035156 0.062500
3 0.444336 0.149306 0.076172 0.152778
3 0.528320 0.123264 0.037109 0.079861
3 0.494141 0.116319 0.035156 0.086806
1 0.350586 0.439236 0.115234 0.197917
1 0.459961 0.265625 0.056641 0.079861
1 0.495117 0.194444 0.041016 0.069444
1 0.589844 0.199653 0.031250 0.052083
1 0.551758 0.107639 0.013672 0.034722
0 0.975586 0.336806 0.029297 0.083333
0 0.805664 0.211806 0.013672 0.055556
0 0.285156 0.244792 0.019531 0.065972
0 0.369141 0.197917 0.011719 0.041667
0 0.040039 0.305556 0.048828 0.062500
0 0.016602 0.345486 0.029297 0.052083
