0 0.253906 0.303819 0.023438 0.072917
0 0.294922 0.277778 0.019531 0.069444
0 0.384766 0.192708 0.011719 0.038194
0 0.370117 0.194444 0.009766 0.041667
0 0.910156 0.272569 0.015625 0.052083
0 0.848633 0.244792 0.017578 0.059028
0 0.814453 0.223958 0.015625 0.045139
3 0.916016 0.543403 0.167969 0.357639
3 0.637695 0.319444 0.123047 0.298611
3 0.636719 0.151042 0.042969 0.079861
3 0.461914 0.137153 0.064453 0.135417
3 0.509766 0.149306 0.054688 0.111111
3 0.540039 0.104167 0.029297 0.062500
1 0.433594 0.296875 0.058594 0.086806
1 0.584961 0.144097 0.025391 0.038194
