0 0.260742 0.286458 0.021484 0.072917
0 0.090820 0.303819 0.044922 0.065972
0 0.456055 0.131944 0.005859 0.027778
0 0.741211 0.163194 0.009766 0.027778
0 0.701172 0.130208 0.011719 0.031250
0 0.683594 0.123264 0.007812 0.017361
3 0.714844 0.479167 0.160156 0.340278
3 0.707031 0.230903 0.093750 0.163194
3 0.597656 0.227431 0.050781 0.121528
3 0.581055 0.109375 0.021484 0.052083
3 0.376953 0.237847 0.082031 0.142361
3 0.507812 0.144097 0.066406 0.142361
3 0.125977 0.524306 0.248047 0.458333
1 0.587891 0.149306 0.023438 0.034722
1 0.432617 0.298611 0.068359 0.111111
