1 0.678711 0.487847 0.095703 0.163194
1 0.437500 0.305556 0.062500 0.090278
1 0.548828 0.109375 0.015625 0.024306
1 0.583008 0.119792 0.017578 0.031250
3 0.646484 0.152778 0.042969 0.090278
3 0.123047 0.539931 0.242188 0.517361
3 0.387695 0.217014 0.126953 0.163194
3 0.487305 0.177083 0.068359 0.111111
3 0.621094 0.090278 0.035156 0.069444
1 0.600586 0.142361 0.025391 0.041667
2 0.601562 0.223958 0.046875 0.093750
2 0.266602 0.534722 0.271484 0.493056
3 0.519531 0.092014 0.031250 0.052083
0 0.277344 0.253472 0.015625 0.062500
0 0.036133 0.312500 0.056641 0.069444
