1 0.124023 0.831597 0.244141 0.336806
3 0.736328 0.729167 0.207031 0.437500
3 0.636719 0.295139 0.093750 0.194444
3 0.374023 0.376736 0.169922 0.267361
3 0.378906 0.217014 0.117188 0.177083
3 0.468750 0.135417 0.062500 0.104167
3 0.507812 0.171875 0.046875 0.079861
3 0.666992 0.184028 0.048828 0.083333
3 0.613281 0.100694 0.023438 0.048611
0 0.933594 0.322917 0.031250 0.083333
0 0.121094 0.432292 0.039062 0.121528
0 0.080078 0.435764 0.042969 0.121528
1 0.588867 0.133681 0.017578 0.031250
3 0.586914 0.097222 0.017578 0.041667
3 0.550781 0.100694 0.019531 0.048611
