3 0.111328 0.557292 0.218750 0.524306
3 0.881836 0.664931 0.166016 0.274306
3 0.488281 0.112847 0.050781 0.100694
3 0.583008 0.118056 0.033203 0.055556
3 0.615234 0.107639 0.015625 0.041667
2 0.694336 0.225694 0.068359 0.125000
1 0.648438 0.173611 0.031250 0.048611
1 0.640625 0.138889 0.023438 0.034722
1 0.589844 0.157986 0.023438 0.038194
2 0.536133 0.109375 0.033203 0.065972
0 0.285156 0.269097 0.023438 0.079861
0 0.352539 0.220486 0.013672 0.052083
2 0.538086 0.112847 0.029297 0.065972
0 0.030273 0.335069 0.029297 0.059028
