3 0.361328 0.262153 0.101562 0.177083
3 0.603516 0.265625 0.066406 0.149306
3 0.593750 0.144097 0.050781 0.107639
1 0.435547 0.312500 0.062500 0.104167
1 0.229492 0.434028 0.126953 0.180556
1 0.279297 0.605903 0.167969 0.281250
1 0.482422 0.210069 0.042969 0.059028
1 0.440430 0.196181 0.044922 0.059028
1 0.520508 0.149306 0.025391 0.041667
1 0.494141 0.137153 0.023438 0.031250
1 0.477539 0.116319 0.013672 0.024306
3 0.544922 0.100694 0.027344 0.062500
0 0.817383 0.220486 0.017578 0.052083
0 0.762695 0.178819 0.013672 0.031250
0 0.703125 0.133681 0.007812 0.031250
0 0.682617 0.119792 0.009766 0.017361
