1 0.838867 0.505208 0.126953 0.170139
1 0.601562 0.201389 0.031250 0.055556
1 0.629883 0.135417 0.021484 0.041667
1 0.092773 0.885417 0.181641 0.229167
1 0.478516 0.118056 0.015625 0.027778
0 0.148438 0.378472 0.027344 0.097222
0 0.138672 0.300347 0.039062 0.072917
3 0.345703 0.427083 0.144531 0.298611
3 0.459961 0.218750 0.068359 0.159722
3 0.265625 0.328125 0.164062 0.288194
3 0.509766 0.097222 0.035156 0.083333
3 0.423828 0.171875 0.054688 0.142361
3 0.582031 0.133681 0.031250 0.079861
3 0.611328 0.085069 0.015625 0.045139
3 0.543945 0.100694 0.025391 0.062500
0 0.849609 0.241319 0.019531 0.059028
