0 0.941406 0.458333 0.042969 0.118056
0 0.863281 0.256944 0.023438 0.055556
0 0.701172 0.201389 0.019531 0.048611
0 0.374023 0.189236 0.013672 0.038194
0 0.421875 0.157986 0.007812 0.031250
1 0.641602 0.447917 0.076172 0.138889
1 0.702148 0.309028 0.060547 0.090278
1 0.491211 0.211806 0.037109 0.048611
3 0.136719 0.532986 0.269531 0.621528
3 0.423828 0.262153 0.085938 0.156250
3 0.599609 0.229167 0.050781 0.097222
3 0.591797 0.145833 0.027344 0.055556
3 0.618164 0.095486 0.025391 0.059028
3 0.478516 0.125000 0.058594 0.104167
3 0.530273 0.126736 0.029297 0.065972
3 0.900391 0.767361 0.199219 0.465278
