1 0.304688 0.342014 0.054688 0.093750
1 0.512695 0.164931 0.033203 0.072917
1 0.586914 0.112847 0.017578 0.031250
1 0.547852 0.107639 0.017578 0.034722
1 0.534180 0.121528 0.013672 0.027778
1 0.518555 0.112847 0.013672 0.031250
0 0.850586 0.253472 0.017578 0.055556
0 0.721680 0.149306 0.009766 0.034722
0 0.195312 0.284722 0.039062 0.069444
3 0.784180 0.651042 0.330078 0.697917
3 0.779297 0.324653 0.179688 0.295139
3 0.407227 0.295139 0.169922 0.347222
3 0.482422 0.100694 0.050781 0.069444
3 0.607422 0.086806 0.023438 0.048611
