3 0.710938 0.418403 0.214844 0.434028
3 0.644531 0.126736 0.046875 0.093750
3 0.608398 0.090278 0.021484 0.055556
3 0.588867 0.074653 0.017578 0.052083
3 0.520508 0.093750 0.025391 0.055556
0 0.871094 0.260417 0.019531 0.069444
0 0.160156 0.383681 0.027344 0.093750
0 0.333984 0.237847 0.011719 0.059028
0 0.349609 0.206597 0.007812 0.038194
0 0.382812 0.180556 0.011719 0.041667
0 0.405273 0.164931 0.009766 0.045139
1 0.519531 0.144097 0.023438 0.038194
1 0.552734 0.092014 0.023438 0.038194
0 0.768555 0.173611 0.009766 0.027778
0 0.732422 0.159722 0.011719 0.027778
