3 0.699219 0.423611 0.210938 0.513889
3 0.120117 0.682292 0.236328 0.635417
3 0.506836 0.138889 0.052734 0.104167
3 0.541016 0.098958 0.031250 0.079861
3 0.479492 0.126736 0.044922 0.093750
1 0.288086 0.368056 0.095703 0.159722
1 0.384766 0.251736 0.062500 0.093750
1 0.618164 0.126736 0.017578 0.038194
1 0.586914 0.123264 0.017578 0.038194
0 0.253906 0.250000 0.027344 0.055556
0 0.210938 0.326389 0.027344 0.076389
0 0.115234 0.298611 0.046875 0.069444
0 0.333008 0.208333 0.017578 0.055556
0 0.362305 0.201389 0.009766 0.048611
0 0.377930 0.182292 0.009766 0.038194
0 0.386719 0.182292 0.011719 0.045139
0 0.717773 0.142361 0.013672 0.041667
0 0.683594 0.116319 0.011719 0.031250
