1 0.272461 0.642361 0.154297 0.243056
1 0.291016 0.380208 0.082031 0.128472
1 0.405273 0.338542 0.076172 0.107639
1 0.467773 0.250000 0.048828 0.076389
1 0.668945 0.210069 0.044922 0.059028
1 0.455078 0.184028 0.027344 0.041667
3 0.833984 0.468750 0.160156 0.256944
3 0.665039 0.406250 0.099609 0.194444
3 0.078125 0.626736 0.152344 0.440972
3 0.608398 0.234375 0.076172 0.149306
3 0.522461 0.140625 0.025391 0.065972
3 0.488281 0.123264 0.039062 0.059028
3 0.541016 0.100694 0.023438 0.041667
3 0.583984 0.100694 0.027344 0.062500
3 0.632812 0.102431 0.031250 0.052083
