0 0.694336 0.670139 0.056641 0.131944
0 0.504883 0.840278 0.076172 0.159722
0 0.196289 0.911458 0.076172 0.177083
0 0.110352 0.916667 0.083984 0.166667
0 0.205078 0.750000 0.054688 0.159722
0 0.098633 0.649306 0.044922 0.125000
0 0.827148 0.473958 0.044922 0.079861
0 0.750000 0.479167 0.039062 0.076389
0 0.676758 0.435764 0.044922 0.072917
0 0.594727 0.569444 0.025391 0.104167
1 0.556641 0.534722 0.074219 0.118056
1 0.488281 0.402778 0.050781 0.076389
0 0.630859 0.406250 0.035156 0.069444
0 0.422852 0.451389 0.017578 0.083333
0 0.291992 0.609375 0.033203 0.121528
0 0.727539 0.369792 0.025391 0.052083
0 0.546875 0.390625 0.023438 0.052083
0 0.416016 0.376736 0.015625 0.059028
0 0.453125 0.402778 0.015625 0.062500
