3 0.533203 0.541667 0.113281 0.187500
0 0.561523 0.782986 0.037109 0.163194
0 0.436523 0.833333 0.044922 0.173611
0 0.225586 0.789931 0.056641 0.170139
0 0.141602 0.921875 0.083984 0.156250
0 0.502930 0.920139 0.060547 0.159722
0 0.691406 0.857639 0.039062 0.173611
0 0.331055 0.651042 0.037109 0.121528
0 0.269531 0.638889 0.039062 0.131944
0 0.377930 0.559028 0.029297 0.111111
1 0.481445 0.420139 0.052734 0.083333
0 0.872070 0.453125 0.052734 0.065972
0 0.976562 0.559028 0.039062 0.097222
0 0.745117 0.446181 0.044922 0.072917
0 0.815430 0.428819 0.041016 0.059028
0 0.615234 0.336806 0.042969 0.048611
0 0.663086 0.359375 0.017578 0.052083
0 0.335938 0.442708 0.019531 0.065972
0 0.148438 0.638889 0.039062 0.118056
0 0.615234 0.336806 0.042969 0.048611
1 0.615234 0.336806 0.042969 0.048611
